Time(s)	V(102)	V(103)	V(112)	V(113)	V(154)	V(164)
0	3.00117	2.98769	0.6	0.6	1	1
4.97512e-11	2.92238	2.93023	0.595661	0.604339	1.16658	0.833416
9.95025e-11	2.78203	2.79105	0.591541	0.608459	1.32007	0.67993
1.49254e-10	2.72808	2.71217	0.587847	0.612153	1.44839	0.551612
1.99005e-10	2.73306	2.70894	0.584766	0.615234	1.54145	0.45855
2.48756e-10	2.77058	2.7316	0.582446	0.617554	1.59194	0.408062
2.98507e-10	2.81429	2.77372	0.581001	0.618999	1.59588	0.404118
3.48259e-10	2.86569	2.81647	0.580492	0.619508	1.55297	0.447028
3.9801e-10	2.90956	2.86527	0.580934	0.619066	1.46658	0.533417
4.47761e-10	2.95224	2.90527	0.582292	0.617708	1.34351	0.656495
4.97512e-10	2.97693	2.94444	0.584482	0.615518	1.19342	0.806581
5.47264e-10	3.00012	2.96898	0.587379	0.612621	1.02812	0.971877
5.97015e-10	2.93063	2.96156	0.590822	0.609178	0.860617	1.13938
6.46766e-10	2.78111	2.8416	0.594624	0.605376	0.70407	1.29593
6.96517e-10	2.71023	2.74215	0.598586	0.601414	0.570792	1.42921
7.46269e-10	2.71197	2.72869	0.602501	0.597499	0.471262	1.52874
7.9602e-10	2.74574	2.74404	0.606174	0.593826	0.413307	1.58669
8.45771e-10	2.79231	2.78409	0.609424	0.590576	0.401483	1.59852
8.95522e-10	2.84375	2.82253	0.612101	0.587899	0.436721	1.56328
9.45274e-10	2.89326	2.87043	0.614088	0.585912	0.516249	1.48375
9.95025e-10	2.9375	2.90622	0.61531	0.58469	0.633814	1.36619
1.04478e-09	2.9708	2.94621	0.615735	0.584265	0.780172	1.21983
1.09453e-09	2.99303	2.96545	0.615374	0.584626	0.943815	1.05618
1.14428e-09	2.95066	2.97655	0.614284	0.585716	1.11188	0.888124
1.19403e-09	2.80032	2.86567	0.612555	0.587445	1.27114	0.72886
1.24378e-09	2.70572	2.75779	0.61031	0.58969	1.40908	0.590915
1.29353e-09	2.69977	2.73745	0.607695	0.592305	1.51486	0.485137
1.34328e-09	2.7252	2.75129	0.604869	0.595131	1.58016	0.419842
1.39303e-09	2.77215	2.79074	0.601995	0.598005	1.59984	0.400165
1.44279e-09	2.82014	2.82955	0.59923	0.60077	1.57235	0.427652
1.49254e-09	2.87363	2.87757	0.596715	0.603285	1.49986	0.500143
1.54229e-09	2.91702	2.91322	0.594571	0.605429	1.38806	0.611938
1.59204e-09	2.95873	2.95332	0.592886	0.607114	1.24575	0.754246
1.64179e-09	2.98081	2.97093	0.59172	0.60828	1.08412	0.915877
1.69154e-09	2.97623	2.98548	0.591095	0.608905	0.915877	1.08412
1.74129e-09	2.83944	2.87109	0.590997	0.609003	0.754246	1.24575
1.79104e-09	2.72234	2.75547	0.591385	0.608615	0.611938	1.38806
1.8408e-09	2.70399	2.73059	0.592186	0.607814	0.500143	1.49986
1.89055e-09	2.72018	2.74413	0.593308	0.606692	0.427652	1.57235
1.9403e-09	2.76448	2.78415	0.594643	0.605357	0.400165	1.59984
1.99005e-09	2.8081	2.82467	0.596078	0.603922	0.419842	1.58016
2.0398e-09	2.86205	2.87447	0.597503	0.602497	0.485137	1.51486
2.08955e-09	2.90334	2.91207	0.598815	0.601185	0.590915	1.40908
2.1393e-09	2.94893	2.95436	0.59993	0.60007	0.72886	1.27114
2.18905e-09	2.96975	2.9722	0.600783	0.599217	0.888124	1.11188
2.23881e-09	2.9925	2.99357	0.601338	0.598662	1.05618	0.943815
2.28856e-09	2.87861	2.87998	0.601584	0.598416	1.21983	0.780172
2.33831e-09	2.74795	2.75204	0.601537	0.598463	1.36619	0.633814
2.38806e-09	2.71524	2.71913	0.601239	0.598761	1.48375	0.516249
2.43781e-09	2.7254	2.72922	0.600752	0.599248	1.56328	0.436721
2.48756e-09	2.76596	2.76858	0.600156	0.599844	1.59852	0.401483
2.53731e-09	2.808	2.80918	0.599537	0.600463	1.58669	0.413307
2.58706e-09	2.86043	2.86049	0.598986	0.601014	1.52874	0.471262
2.63682e-09	2.90159	2.89983	0.598584	0.601416	1.42921	0.570792
2.68657e-09	2.94686	2.94512	0.598405	0.601595	1.29593	0.70407
2.73632e-09	2.96823	2.96531	0.598501	0.601499	1.13938	0.860617
2.78607e-09	2.99847	2.99841	0.5989	0.6011	0.971877	1.02812
2.83582e-09	2.90147	2.90438	0.599608	0.600392	0.806581	1.19342
2.88557e-09	2.7625	2.76775	0.600598	0.599402	0.656495	1.34351
2.93532e-09	2.71825	2.71729	0.601821	0.598179	0.533417	1.46658
2.98507e-09	2.72466	2.72261	0.603202	0.596798	0.447028	1.55297
3.03483e-09	2.76358	2.75569	0.604645	0.595355	0.404118	1.59588
3.08458e-09	2.80607	2.79691	0.606045	0.593955	0.408062	1.59194
3.13433e-09	2.85878	2.84435	0.607287	0.592713	0.45855	1.54145
3.18408e-09	2.9017	2.88722	0.608261	0.591739	0.551612	1.44839
3.23383e-09	2.94731	2.92939	0.608865	0.591135	0.67993	1.32007
3.28358e-09	2.97081	2.9574	0.609018	0.590982	0.833416	1.16658
3.33333e-09	3.00089	2.98685	0.60866	0.59134	1	1
3.38308e-09	2.91466	2.93633	0.607764	0.592236	1.16658	0.833416
3.43284e-09	2.76606	2.80672	0.606333	0.593667	1.32007	0.67993
3.48259e-09	2.70877	2.73211	0.60441	0.59559	1.44839	0.551612
3.53234e-09	2.71165	2.73131	0.602067	0.597933	1.54145	0.45855
3.58209e-09	2.74838	2.75554	0.599411	0.600589	1.59194	0.408062
3.63184e-09	2.79253	2.79743	0.596572	0.603428	1.59588	0.404118
3.68159e-09	2.84574	2.83909	0.593702	0.606298	1.55297	0.447028
3.73134e-09	2.89267	2.88455	0.590961	0.609039	1.46658	0.533417
3.78109e-09	2.93936	2.92123	0.588512	0.611488	1.34351	0.656495
3.83085e-09	2.96897	2.95491	0.586508	0.613492	1.19342	0.806581
3.8806e-09	2.99677	2.9763	0.585085	0.614915	1.02812	0.971877
3.93035e-09	2.93093	2.96017	0.58435	0.61565	0.860617	1.13938
3.9801e-09	2.77692	2.84102	0.584378	0.615622	0.70407	1.29593
4.02985e-09	2.69829	2.75105	0.585202	0.614798	0.570792	1.42921
4.0796e-09	2.69565	2.74309	0.586813	0.613187	0.471262	1.52874
4.12935e-09	2.72536	2.76342	0.589157	0.610843	0.413307	1.58669
4.1791e-09	2.77085	2.80504	0.592138	0.607862	0.401483	1.59852
4.22886e-09	2.82136	2.84533	0.59562	0.60438	0.436721	1.56328
4.27861e-09	2.87315	2.89141	0.599438	0.600562	0.516249	1.48375
4.32836e-09	2.9194	2.92635	0.603402	0.596598	0.633814	1.36619
4.37811e-09	2.95838	2.96102	0.60731	0.59269	0.780172	1.21983
4.42786e-09	2.98516	2.97883	0.610957	0.589043	0.943815	1.05618
4.47761e-09	2.95764	2.97257	0.614148	0.585852	1.11188	0.888124
4.52736e-09	2.80982	2.85248	0.61671	0.58329	1.27114	0.72886
4.57711e-09	2.70508	2.75466	0.618497	0.581503	1.40908	0.590915
4.62687e-09	2.69188	2.74281	0.619405	0.580595	1.51486	0.485137
4.67662e-09	2.71066	2.76343	0.619373	0.580627	1.58016	0.419842
4.72637e-09	2.7543	2.80631	0.618391	0.581609	1.59984	0.400165
4.77612e-09	2.79868	2.84869	0.616497	0.583503	1.57235	0.427652
4.82587e-09	2.85257	2.89677	0.61378	0.58622	1.49986	0.500143
4.87562e-09	2.8954	2.93316	0.610372	0.589628	1.38806	0.611938
4.92537e-09	2.94198	2.96912	0.60644	0.59356	1.24575	0.754246
4.97512e-09	2.96579	2.98496	0.602184	0.597816	1.08412	0.915877
5.02488e-09	2.98338	2.97939	0.597816	0.602184	0.915877	1.08412
5.07463e-09	2.86241	2.85018	0.59356	0.60644	0.754246	1.24575
5.12438e-09	2.73682	2.74186	0.589628	0.610372	0.611938	1.38806
5.17413e-09	2.70681	2.72762	0.58622	0.61378	0.500143	1.49986
5.22388e-09	2.71564	2.74784	0.583503	0.616497	0.427652	1.57235
5.27363e-09	2.75345	2.79354	0.581609	0.618391	0.400165	1.59984
5.32338e-09	2.79268	2.83805	0.580627	0.619373	0.419842	1.58016
5.37313e-09	2.84329	2.8904	0.580595	0.619405	0.485137	1.51486
5.42289e-09	2.8832	2.92936	0.581503	0.618497	0.590915	1.40908
5.47264e-09	2.92941	2.96971	0.58329	0.61671	0.72886	1.27114
5.52239e-09	2.95238	2.98458	0.585852	0.614148	0.888124	1.11188
5.57214e-09	2.98961	2.98723	0.589043	0.610957	1.05618	0.943815
5.62189e-09	2.90674	2.85484	0.59269	0.60731	1.21983	0.780172
5.67164e-09	2.77785	2.72925	0.596598	0.603402	1.36619	0.633814
5.72139e-09	2.72844	2.70768	0.600562	0.599438	1.48375	0.516249
5.77114e-09	2.73249	2.72374	0.60438	0.59562	1.56328	0.436721
5.8209e-09	2.76332	2.77048	0.607862	0.592138	1.59852	0.401483
5.87065e-09	2.80223	2.8154	0.610843	0.589157	1.58669	0.413307
5.9204e-09	2.84738	2.87165	0.613187	0.586813	1.52874	0.471262
5.97015e-09	2.88789	2.91329	0.614798	0.585202	1.42921	0.570792
6.0199e-09	2.92864	2.95961	0.615622	0.584378	1.29593	0.70407
6.06965e-09	2.9543	2.97774	0.61565	0.58435	1.13938	0.860617
6.1194e-09	2.98584	2.99865	0.614915	0.585085	0.971877	1.02812
6.16915e-09	2.92661	2.87861	0.613492	0.586508	0.806581	1.19342
6.21891e-09	2.80081	2.73575	0.611488	0.588512	0.656495	1.34351
6.26866e-09	2.73934	2.69789	0.609039	0.590961	0.533417	1.46658
6.31841e-09	2.74122	2.70708	0.606298	0.593702	0.447028	1.55297
6.36816e-09	2.76945	2.74959	0.603428	0.596572	0.404118	1.59588
6.41791e-09	2.80982	2.79357	0.600589	0.599411	0.408062	1.59194
6.46766e-09	2.85369	2.84949	0.597933	0.602067	0.45855	1.54145
6.51741e-09	2.89588	2.8935	0.59559	0.60441	0.551612	1.44839
6.56716e-09	2.93472	2.94239	0.593667	0.606333	0.67993	1.32007
6.61692e-09	2.96209	2.96661	0.592236	0.607764	0.833416	1.16658
6.66667e-09	2.98887	3.0003	0.59134	0.60866	1	1
6.71642e-09	2.93581	2.91499	0.590982	0.609018	1.16658	0.833416
6.76617e-09	2.80366	2.76749	0.591135	0.608865	1.32007	0.67993
6.81592e-09	2.73475	2.70543	0.591739	0.608261	1.44839	0.551612
6.86567e-09	2.73413	2.70809	0.592713	0.607287	1.54145	0.45855
6.91542e-09	2.76249	2.74124	0.593955	0.606045	1.59194	0.408062
6.96517e-09	2.80415	2.78536	0.595355	0.604645	1.59588	0.404118
7.01493e-09	2.84945	2.83556	0.596798	0.603202	1.55297	0.447028
7.06468e-09	2.89418	2.88298	0.598179	0.601821	1.46658	0.533417
7.11443e-09	2.934	2.92763	0.599402	0.600598	1.34351	0.656495
7.16418e-09	2.96464	2.96017	0.600392	0.599608	1.19342	0.806581
7.21393e-09	2.98925	2.98829	0.6011	0.5989	1.02812	0.971877
7.26368e-09	2.94792	2.94621	0.601499	0.598501	0.860617	1.13938
7.31343e-09	2.80958	2.80735	0.601595	0.598405	0.70407	1.29593
7.36318e-09	2.72668	2.72216	0.601416	0.598584	0.570792	1.42921
7.41294e-09	2.72145	2.71782	0.601014	0.598986	0.471262	1.52874
7.46269e-09	2.7465	2.74303	0.600463	0.599537	0.413307	1.58669
7.51244e-09	2.78918	2.78735	0.599844	0.600156	0.401483	1.59852
7.56219e-09	2.83382	2.83321	0.599248	0.600752	0.436721	1.56328
7.61194e-09	2.88196	2.88276	0.598761	0.601239	0.516249	1.48375
7.66169e-09	2.92185	2.92384	0.598463	0.601537	0.633814	1.36619
7.71144e-09	2.95866	2.96078	0.598416	0.601584	0.780172	1.21983
7.76119e-09	2.98094	2.98347	0.598662	0.601338	0.943815	1.05618
7.81095e-09	2.96698	2.96466	0.599217	0.600783	1.11188	0.888124
7.8607e-09	2.83434	2.82928	0.60007	0.59993	1.27114	0.72886
7.91045e-09	2.73157	2.72963	0.601185	0.598815	1.40908	0.590915
7.9602e-09	2.71772	2.71896	0.602497	0.597503	1.51486	0.485137
8.00995e-09	2.73554	2.74082	0.603922	0.596078	1.58016	0.419842
8.0597e-09	2.77735	2.78552	0.605357	0.594643	1.59984	0.400165
8.10945e-09	2.81857	2.83088	0.606692	0.593308	1.57235	0.427652
8.1592e-09	2.86845	2.88251	0.607814	0.592186	1.49986	0.500143
8.20896e-09	2.90637	2.9234	0.608615	0.591385	1.38806	0.611938
8.25871e-09	2.94823	2.96343	0.609003	0.590997	1.24575	0.754246
8.30846e-09	2.96766	2.98319	0.608905	0.591095	1.08412	0.915877
8.35821e-09	2.98549	2.9758	0.60828	0.59172	0.915877	1.08412
8.40796e-09	2.87374	2.83771	0.607114	0.592886	0.754246	1.24575
8.45771e-09	2.7551	2.72376	0.605429	0.594571	0.611938	1.38806
8.50746e-09	2.72786	2.70724	0.603285	0.596715	0.500143	1.49986
8.55721e-09	2.73907	2.72579	0.60077	0.59923	0.427652	1.57235
8.60697e-09	2.77734	2.77148	0.598005	0.601995	0.400165	1.59984
8.65672e-09	2.81614	2.81695	0.595131	0.604869	0.419842	1.58016
8.70647e-09	2.8643	2.87194	0.592305	0.607695	0.485137	1.51486
8.75622e-09	2.90105	2.91425	0.58969	0.61031	0.590915	1.40908
8.80597e-09	2.94254	2.95935	0.587445	0.612555	0.72886	1.27114
8.85572e-09	2.9614	2.97894	0.585716	0.614284	0.888124	1.11188
8.90547e-09	2.9919	2.98792	0.584626	0.615374	1.05618	0.943815
8.95522e-09	2.90455	2.85331	0.584265	0.615735	1.21983	0.780172
9.00498e-09	2.7813	2.72086	0.58469	0.61531	1.36619	0.633814
9.05473e-09	2.7409	2.69313	0.585912	0.614088	1.48375	0.516249
9.10448e-09	2.74907	2.70526	0.587899	0.612101	1.56328	0.436721
9.15423e-09	2.7842	2.7493	0.590576	0.609424	1.59852	0.401483
9.20398e-09	2.82374	2.79326	0.593826	0.606174	1.58669	0.413307
9.25373e-09	2.87009	2.85027	0.597499	0.602501	1.52874	0.471262
9.30348e-09	2.9079	2.89384	0.601414	0.598586	1.42921	0.570792
9.35323e-09	2.9472	2.94442	0.605376	0.594624	1.29593	0.70407
9.40299e-09	2.967	2.96693	0.609178	0.590822	1.13938	0.860617
9.45274e-09	2.99568	2.99895	0.612621	0.587379	0.971877	1.02812
9.50249e-09	2.91727	2.88718	0.615518	0.584482	0.806581	1.19342
9.55224e-09	2.78895	2.74061	0.617708	0.582292	0.656495	1.34351
9.60199e-09	2.74193	2.69205	0.619066	0.580934	0.533417	1.46658
9.65174e-09	2.74869	2.6965	0.619508	0.580492	0.447028	1.55297
9.70149e-09	2.78477	2.73223	0.618999	0.581001	0.404118	1.59588
9.75124e-09	2.82606	2.77469	0.617554	0.582446	0.408062	1.59194
9.801e-09	2.87439	2.82694	0.615234	0.584766	0.45855	1.54145
9.85075e-09	2.91426	2.87314	0.612153	0.587847	0.551612	1.44839
9.9005e-09	2.95447	2.92147	0.608459	0.591541	0.67993	1.32007
9.95025e-09	2.97498	2.95263	0.604339	0.595661	0.833416	1.16658

Frequency Domain Results:
Harmonic	Frequency(Hz)	V(102)	V(103)	V(112)	V(113)	V(154)	V(164)
-100	-1e+10	(-9.01385e-06,-9.97187e-07)	(1.22557e-05,-2.21892e-05)	(0,0)	(0,0)	(0,0)	(0,0)
-99	-9.9e+09	(1.18732e-05,1.07624e-05)	(2.0546e-05,-3.50645e-05)	(0,0)	(0,0)	(0,0)	(0,0)
-98	-9.8e+09	(5.94992e-08,2.34767e-06)	(-2.03029e-05,-3.34335e-06)	(0,0)	(0,0)	(0,0)	(0,0)
-97	-9.7e+09	(2.66338e-05,5.98027e-06)	(4.83466e-05,-4.33533e-05)	(0,0)	(0,0)	(0,0)	(0,0)
-96	-9.6e+09	(-0.000164598,0.000125316)	(0.000228195,-0.000171684)	(0,0)	(0,0)	(0,0)	(0,0)
-95	-9.5e+09	(1.20442e-05,-3.70574e-05)	(-4.59107e-05,-1.42508e-05)	(0,0)	(0,0)	(0,0)	(0,0)
-94	-9.4e+09	(-0.000149701,0.000193666)	(0.00021239,-0.00014957)	(0,0)	(0,0)	(0,0)	(0,0)
-93	-9.3e+09	(0.000794134,-0.000341418)	(0.00106362,-0.000779086)	(0,0)	(0,0)	(0,0)	(0,0)
-92	-9.2e+09	(0.000219064,-3.64133e-05)	(-0.000197489,-4.27467e-05)	(0,0)	(0,0)	(0,0)	(0,0)
-91	-9.1e+09	(-9.48614e-05,0.000219327)	(4.3324e-05,-0.000187358)	(0,0)	(0,0)	(0,0)	(0,0)
-90	-9e+09	(-0.000406559,0.00172646)	(-0.000616265,0.00175562)	(0,0)	(0,0)	(0,0)	(0,0)
-89	-8.9e+09	(0.000237337,-0.000132285)	(-0.000187439,0.00017228)	(0,0)	(0,0)	(0,0)	(0,0)
-88	-8.8e+09	(-5.77845e-05,6.10159e-07)	(-2.00427e-05,-3.21884e-05)	(0,0)	(0,0)	(0,0)	(0,0)
-87	-8.7e+09	(0.000170884,-0.000141823)	(-0.000226868,0.000222112)	(0,0)	(0,0)	(0,0)	(0,0)
-86	-8.6e+09	(7.78986e-06,6.00439e-05)	(-3.80464e-05,5.84693e-05)	(0,0)	(0,0)	(0,0)	(0,0)
-85	-8.5e+09	(-1.88712e-06,-4.27618e-06)	(-2.09826e-06,-1.93482e-05)	(0,0)	(0,0)	(0,0)	(0,0)
-84	-8.4e+09	(9.7231e-06,3.25579e-05)	(-3.09866e-05,2.79163e-05)	(0,0)	(0,0)	(0,0)	(0,0)
-83	-8.3e+09	(-2.63807e-06,-2.2033e-06)	(-2.44798e-05,1.18537e-05)	(0,0)	(0,0)	(0,0)	(0,0)
-82	-8.2e+09	(-5.11598e-06,-1.22446e-06)	(5.34454e-06,-1.81767e-05)	(0,0)	(0,0)	(0,0)	(0,0)
-81	-8.1e+09	(1.28715e-05,6.38557e-06)	(1.65896e-06,-2.09141e-05)	(0,0)	(0,0)	(0,0)	(0,0)
-80	-8e+09	(-1.48815e-06,5.97742e-07)	(-1.62095e-05,3.6967e-07)	(0,0)	(0,0)	(0,0)	(0,0)
-79	-7.9e+09	(2.50711e-05,6.34596e-06)	(2.24499e-05,-2.90267e-05)	(0,0)	(0,0)	(0,0)	(0,0)
-78	-7.8e+09	(-3.35403e-05,8.42595e-05)	(9.92383e-05,-0.000118986)	(0,0)	(0,0)	(0,0)	(0,0)
-77	-7.7e+09	(-1.968e-07,-3.08163e-05)	(-2.78189e-05,3.4223e-06)	(0,0)	(0,0)	(0,0)	(0,0)
-76	-7.6e+09	(-9.75672e-06,0.000123154)	(0.00010443,-9.55776e-05)	(0,0)	(0,0)	(0,0)	(0,0)
-75	-7.5e+09	(0.000477866,-8.14252e-05)	(0.00045962,-0.000709283)	(0,0)	(0,0)	(0,0)	(0,0)
-74	-7.4e+09	(9.95959e-05,-8.35032e-05)	(-0.000112014,-2.27918e-05)	(0,0)	(0,0)	(0,0)	(0,0)
-73	-7.3e+09	(3.29679e-05,0.000343938)	(-6.00176e-05,-0.000305954)	(0,0)	(0,0)	(0,0)	(0,0)
-72	-7.2e+09	(0.000375598,0.00328273)	(0.000227642,0.00331187)	(0,0)	(0,0)	(0,0)	(0,0)
-71	-7.1e+09	(0.00022393,-0.000373915)	(-0.000175865,0.000390431)	(0,0)	(0,0)	(0,0)	(0,0)
-70	-7e+09	(-7.24071e-05,2.48749e-05)	(-3.93028e-05,-2.62389e-05)	(0,0)	(0,0)	(0,0)	(0,0)
-69	-6.9e+09	(0.000126353,-0.000364827)	(-0.000182172,0.000476737)	(0,0)	(0,0)	(0,0)	(0,0)
-68	-6.8e+09	(3.49878e-05,7.68976e-05)	(-2.07946e-05,9.0888e-05)	(0,0)	(0,0)	(0,0)	(0,0)
-67	-6.7e+09	(-2.36972e-06,-5.10732e-06)	(-6.90365e-06,-1.85557e-05)	(0,0)	(0,0)	(0,0)	(0,0)
-66	-6.6e+09	(2.84561e-05,3.81803e-05)	(-2.25619e-05,5.1255e-05)	(0,0)	(0,0)	(0,0)	(0,0)
-65	-6.5e+09	(-4.40326e-06,-2.80472e-06)	(-2.00309e-05,2.0342e-05)	(0,0)	(0,0)	(0,0)	(0,0)
-64	-6.4e+09	(-5.44424e-06,-9.66813e-07)	(9.80174e-07,-1.76563e-05)	(0,0)	(0,0)	(0,0)	(0,0)
-63	-6.3e+09	(1.1265e-05,2.83132e-06)	(-7.48248e-06,-1.48339e-05)	(0,0)	(0,0)	(0,0)	(0,0)
-62	-6.2e+09	(-1.4023e-06,-5.41008e-08)	(-1.59294e-05,5.38816e-06)	(0,0)	(0,0)	(0,0)	(0,0)
-61	-6.1e+09	(2.14151e-05,5.36715e-08)	(9.1199e-06,-2.88164e-05)	(0,0)	(0,0)	(0,0)	(0,0)
-60	-6e+09	(9.65789e-07,5.86097e-05)	(7.28104e-05,-0.000113349)	(0,0)	(0,0)	(0,0)	(0,0)
-59	-5.9e+09	(-8.86612e-06,-2.6217e-05)	(-2.25317e-05,1.37784e-05)	(0,0)	(0,0)	(0,0)	(0,0)
-58	-5.8e+09	(3.77038e-05,7.60866e-05)	(9.33514e-05,-0.000108179)	(0,0)	(0,0)	(0,0)	(0,0)
-57	-5.7e+09	(0.000508147,0.000113451)	(-2.89253e-05,-0.000791216)	(0,0)	(0,0)	(0,0)	(0,0)
-56	-5.6e+09	(3.49852e-05,-0.000103349)	(-0.000127695,-2.06369e-05)	(0,0)	(0,0)	(0,0)	(0,0)
-55	-5.5e+09	(0.000331804,0.000450807)	(-0.000336212,-0.000406652)	(0,0)	(0,0)	(0,0)	(0,0)
-54	-5.4e+09	(0.00425116,0.00574593)	(0.00412956,0.00577315)	(0,0)	(0,0)	(0,0)	(0,0)
-53	-5.3e+09	(-1.96241e-05,-0.000766784)	(6.70652e-05,0.00076003)	(0,0)	(0,0)	(0,0)	(0,0)
-52	-5.2e+09	(-7.92969e-05,7.72347e-05)	(-6.20749e-05,4.25946e-06)	(0,0)	(0,0)	(0,0)	(0,0)
-51	-5.1e+09	(-0.000163921,-0.000695203)	(0.000147481,0.000863765)	(0,0)	(0,0)	(0,0)	(0,0)
-50	-5e+09	(9.67803e-05,8.45258e-05)	(3.72907e-05,0.000123444)	(0,0)	(0,0)	(0,0)	(0,0)
-49	-4.9e+09	(-6.45164e-06,-3.73657e-06)	(-1.31657e-05,-1.62552e-05)	(0,0)	(0,0)	(0,0)	(0,0)
-48	-4.8e+09	(6.38527e-05,3.41501e-05)	(1.09084e-05,7.38607e-05)	(0,0)	(0,0)	(0,0)	(0,0)
-47	-4.7e+09	(-5.69188e-06,1.42852e-06)	(-8.99392e-06,2.72151e-05)	(0,0)	(0,0)	(0,0)	(0,0)
-46	-4.6e+09	(-6.20791e-06,6.2614e-08)	(-4.22555e-06,-1.58864e-05)	(0,0)	(0,0)	(0,0)	(0,0)
-45	-4.5e+09	(9.99215e-06,-4.65162e-07)	(-1.23459e-05,-7.12118e-06)	(0,0)	(0,0)	(0,0)	(0,0)
-44	-4.4e+09	(-1.17193e-06,-2.83546e-07)	(-1.28683e-05,1.1824e-05)	(0,0)	(0,0)	(0,0)	(0,0)
-43	-4.3e+09	(1.66529e-05,-7.29478e-06)	(-3.98605e-06,-2.76947e-05)	(0,0)	(0,0)	(0,0)	(0,0)
-42	-4.2e+09	(1.7494e-05,2.59319e-05)	(4.20294e-05,-0.000127628)	(0,0)	(0,0)	(0,0)	(0,0)
-41	-4.1e+09	(-1.64778e-05,-1.75745e-05)	(-1.42885e-05,2.17352e-05)	(0,0)	(0,0)	(0,0)	(0,0)
-40	-4e+09	(5.31495e-05,1.03005e-05)	(6.06452e-05,-0.000152122)	(0,0)	(0,0)	(0,0)	(0,0)
-39	-3.9e+09	(0.000886001,0.000109456)	(-0.000755095,-0.000676064)	(0,0)	(0,0)	(0,0)	(0,0)
-38	-3.8e+09	(-4.402e-05,-8.66e-05)	(-0.000162203,2.2255e-05)	(0,0)	(0,0)	(0,0)	(0,0)
-37	-3.7e+09	(0.00088953,0.000289799)	(-0.000868173,-0.000253715)	(0,0)	(0,0)	(0,0)	(0,0)
-36	-3.6e+09	(0.0170524,0.0041447)	(0.0169498,0.00418337)	(0,0)	(0,0)	(0,0)	(0,0)
-35	-3.5e+09	(-0.00090706,-0.00117384)	(0.000939071,0.0011444)	(0,0)	(0,0)	(0,0)	(0,0)
-34	-3.4e+09	(-3.79759e-05,0.000145204)	(-5.14134e-05,6.24513e-05)	(0,0)	(0,0)	(0,0)	(0,0)
-33	-3.3e+09	(-0.00107323,-0.000954156)	(0.00116001,0.0011365)	(0,0)	(0,0)	(0,0)	(0,0)
-32	-3.2e+09	(0.000171832,3.55925e-05)	(0.000125046,9.97189e-05)	(0,0)	(0,0)	(0,0)	(0,0)
-31	-3.1e+09	(-9.17166e-06,4.69133e-06)	(-1.67882e-05,-1.02274e-05)	(0,0)	(0,0)	(0,0)	(0,0)
-30	-3e+09	(9.80379e-05,-2.7878e-06)	(6.13358e-05,6.12491e-05)	(0,0)	(0,0)	(0,0)	(0,0)
-29	-2.9e+09	(-7.05914e-07,8.38764e-06)	(5.98361e-06,2.02254e-05)	(0,0)	(0,0)	(0,0)	(0,0)
-28	-2.8e+09	(-6.15961e-06,2.79084e-06)	(-7.99895e-06,-9.90931e-06)	(0,0)	(0,0)	(0,0)	(0,0)
-27	-2.7e+09	(8.12627e-06,-2.44024e-06)	(-1.18461e-05,6.70495e-07)	(0,0)	(0,0)	(0,0)	(0,0)
-26	-2.6e+09	(-6.46581e-08,-7.96621e-07)	(-4.39867e-06,1.5073e-05)	(0,0)	(0,0)	(0,0)	(0,0)
-25	-2.5e+09	(8.96336e-06,-9.76617e-06)	(-1.77819e-05,-1.73888e-05)	(0,0)	(0,0)	(0,0)	(0,0)
-24	-2.4e+09	(5.15293e-06,-1.23121e-06)	(-1.53669e-05,-0.000123095)	(0,0)	(0,0)	(0,0)	(0,0)
-23	-2.3e+09	(-1.41145e-05,-5.50346e-06)	(-2.03867e-06,2.26178e-05)	(0,0)	(0,0)	(0,0)	(0,0)
-22	-2.2e+09	(9.00555e-06,-3.53167e-05)	(-2.69056e-05,-0.000159815)	(0,0)	(0,0)	(0,0)	(0,0)
-21	-2.1e+09	(0.00153495,-0.000451977)	(-0.00164852,0.000145712)	(0,0)	(0,0)	(0,0)	(0,0)
-20	-2e+09	(-7.80631e-05,-1.37735e-05)	(-0.00013444,0.000100061)	(0,0)	(0,0)	(0,0)	(0,0)
-19	-1.9e+09	(0.00151344,-0.000531531)	(-0.00148501,0.000538697)	(0,0)	(0,0)	(0,0)	(0,0)
-18	-1.8e+09	(0.0497869,-0.0399686)	(0.049725,-0.0399228)	(0,0)	(0,0)	(0,0)	(0,0)
-17	-1.7e+09	(-0.00419863,-0.00154578)	(0.00420021,0.00151809)	(0,0)	(0,0)	(0,0)	(0,0)
-16	-1.6e+09	(0.000108167,0.000180165)	(7.52615e-05,0.000112004)	(0,0)	(0,0)	(0,0)	(0,0)
-15	-1.5e+09	(-0.00435312,-0.00101289)	(0.00449471,0.00107443)	(0,0)	(0,0)	(0,0)	(0,0)
-14	-1.4e+09	(0.000279473,1.02204e-05)	(0.000249767,7.91363e-05)	(0,0)	(0,0)	(0,0)	(0,0)
-13	-1.3e+09	(-4.28132e-06,1.45832e-05)	(-8.30482e-06,-6.63627e-06)	(0,0)	(0,0)	(0,0)	(0,0)
-12	-1.2e+09	(0.000138113,-2.97363e-05)	(0.000118605,3.54043e-05)	(0,0)	(0,0)	(0,0)	(0,0)
-11	-1.1e+09	(6.95919e-06,1.08095e-05)	(5.30405e-06,-3.31976e-06)	(0,0)	(0,0)	(0,0)	(0,0)
-10	-1e+09	(-3.0212e-06,5.26885e-06)	(-3.80201e-06,-3.46125e-06)	(0,0)	(0,0)	(0,0)	(0,0)
-9	-9e+08	(6.00993e-06,-8.75344e-07)	(-6.7497e-06,1.59606e-06)	(0,0)	(0,0)	(1.83697e-17,0.3)	(1.83697e-17,-0.3)
-8	-8e+08	(3.4553e-07,-3.43702e-06)	(2.07956e-06,8.50737e-06)	(3.06162e-19,-0.005)	(3.06162e-19,0.005)	(0,0)	(0,0)
-7	-7e+08	(7.23517e-06,-6.83992e-06)	(-1.58478e-05,2.97896e-06)	(0,0)	(0,0)	(0,0)	(0,0)
-6	-6e+08	(-2.42572e-06,1.96412e-05)	(-3.42904e-05,-5.5785e-05)	(3.06162e-19,-0.005)	(3.06162e-19,0.005)	(0,0)	(0,0)
-5	-5e+08	(-2.36672e-06,-5.73235e-06)	(2.75333e-06,1.17517e-05)	(0,0)	(0,0)	(0,0)	(0,0)
-4	-4e+08	(-3.26287e-06,1.88258e-05)	(-4.44284e-05,-5.81878e-05)	(0,0)	(0,0)	(0,0)	(0,0)
-3	-3e+08	(0.00392761,-0.00198137)	(-0.00396447,0.00196103)	(0,0)	(0,0)	(0,0)	(0,0)
-2	-2e+08	(-0.000157941,-4.23666e-05)	(-0.00018054,3.40092e-05)	(0,0)	(0,0)	(0,0)	(0,0)
-1	-1e+08	(0.00361768,-0.00231615)	(-0.00361614,0.0023153)	(0,0)	(0,0)	(0,0)	(0,0)
0	0	(2.84874,8.13821e-19)	(2.84872,-7.01368e-19)	(0.6,0)	(0.6,0)	(1,0)	(1,0)
1	1e+08	(0.00361768,0.00231615)	(-0.00361614,-0.0023153)	(0,0)	(0,0)	(0,0)	(0,0)
2	2e+08	(-0.000157941,4.23666e-05)	(-0.00018054,-3.40092e-05)	(0,0)	(0,0)	(0,0)	(0,0)
3	3e+08	(0.00392761,0.00198137)	(-0.00396447,-0.00196103)	(0,0)	(0,0)	(0,0)	(0,0)
4	4e+08	(-3.26287e-06,-1.88258e-05)	(-4.44284e-05,5.81878e-05)	(0,0)	(0,0)	(0,0)	(0,0)
5	5e+08	(-2.36672e-06,5.73235e-06)	(2.75333e-06,-1.17517e-05)	(0,0)	(0,0)	(0,0)	(0,0)
6	6e+08	(-2.42572e-06,-1.96412e-05)	(-3.42904e-05,5.5785e-05)	(3.06162e-19,0.005)	(3.06162e-19,-0.005)	(0,0)	(0,0)
7	7e+08	(7.23517e-06,6.83992e-06)	(-1.58478e-05,-2.97896e-06)	(0,0)	(0,0)	(0,0)	(0,0)
8	8e+08	(3.4553e-07,3.43702e-06)	(2.07956e-06,-8.50737e-06)	(3.06162e-19,0.005)	(3.06162e-19,-0.005)	(0,0)	(0,0)
9	9e+08	(6.00993e-06,8.75344e-07)	(-6.7497e-06,-1.59606e-06)	(0,0)	(0,0)	(1.83697e-17,-0.3)	(1.83697e-17,0.3)
10	1e+09	(-3.0212e-06,-5.26885e-06)	(-3.80201e-06,3.46125e-06)	(0,0)	(0,0)	(0,0)	(0,0)
11	1.1e+09	(6.95919e-06,-1.08095e-05)	(5.30405e-06,3.31976e-06)	(0,0)	(0,0)	(0,0)	(0,0)
12	1.2e+09	(0.000138113,2.97363e-05)	(0.000118605,-3.54043e-05)	(0,0)	(0,0)	(0,0)	(0,0)
13	1.3e+09	(-4.28132e-06,-1.45832e-05)	(-8.30482e-06,6.63627e-06)	(0,0)	(0,0)	(0,0)	(0,0)
14	1.4e+09	(0.000279473,-1.02204e-05)	(0.000249767,-7.91363e-05)	(0,0)	(0,0)	(0,0)	(0,0)
15	1.5e+09	(-0.00435312,0.00101289)	(0.00449471,-0.00107443)	(0,0)	(0,0)	(0,0)	(0,0)
16	1.6e+09	(0.000108167,-0.000180165)	(7.52615e-05,-0.000112004)	(0,0)	(0,0)	(0,0)	(0,0)
17	1.7e+09	(-0.00419863,0.00154578)	(0.00420021,-0.00151809)	(0,0)	(0,0)	(0,0)	(0,0)
18	1.8e+09	(0.0497869,0.0399686)	(0.049725,0.0399228)	(0,0)	(0,0)	(0,0)	(0,0)
19	1.9e+09	(0.00151344,0.000531531)	(-0.00148501,-0.000538697)	(0,0)	(0,0)	(0,0)	(0,0)
20	2e+09	(-7.80631e-05,1.37735e-05)	(-0.00013444,-0.000100061)	(0,0)	(0,0)	(0,0)	(0,0)
21	2.1e+09	(0.00153495,0.000451977)	(-0.00164852,-0.000145712)	(0,0)	(0,0)	(0,0)	(0,0)
22	2.2e+09	(9.00555e-06,3.53167e-05)	(-2.69056e-05,0.000159815)	(0,0)	(0,0)	(0,0)	(0,0)
23	2.3e+09	(-1.41145e-05,5.50346e-06)	(-2.03867e-06,-2.26178e-05)	(0,0)	(0,0)	(0,0)	(0,0)
24	2.4e+09	(5.15293e-06,1.23121e-06)	(-1.53669e-05,0.000123095)	(0,0)	(0,0)	(0,0)	(0,0)
25	2.5e+09	(8.96336e-06,9.76617e-06)	(-1.77819e-05,1.73888e-05)	(0,0)	(0,0)	(0,0)	(0,0)
26	2.6e+09	(-6.46581e-08,7.96621e-07)	(-4.39867e-06,-1.5073e-05)	(0,0)	(0,0)	(0,0)	(0,0)
27	2.7e+09	(8.12627e-06,2.44024e-06)	(-1.18461e-05,-6.70495e-07)	(0,0)	(0,0)	(0,0)	(0,0)
28	2.8e+09	(-6.15961e-06,-2.79084e-06)	(-7.99895e-06,9.90931e-06)	(0,0)	(0,0)	(0,0)	(0,0)
29	2.9e+09	(-7.05914e-07,-8.38764e-06)	(5.98361e-06,-2.02254e-05)	(0,0)	(0,0)	(0,0)	(0,0)
30	3e+09	(9.80379e-05,2.7878e-06)	(6.13358e-05,-6.12491e-05)	(0,0)	(0,0)	(0,0)	(0,0)
31	3.1e+09	(-9.17166e-06,-4.69133e-06)	(-1.67882e-05,1.02274e-05)	(0,0)	(0,0)	(0,0)	(0,0)
32	3.2e+09	(0.000171832,-3.55925e-05)	(0.000125046,-9.97189e-05)	(0,0)	(0,0)	(0,0)	(0,0)
33	3.3e+09	(-0.00107323,0.000954156)	(0.00116001,-0.0011365)	(0,0)	(0,0)	(0,0)	(0,0)
34	3.4e+09	(-3.79759e-05,-0.000145204)	(-5.14134e-05,-6.24513e-05)	(0,0)	(0,0)	(0,0)	(0,0)
35	3.5e+09	(-0.00090706,0.00117384)	(0.000939071,-0.0011444)	(0,0)	(0,0)	(0,0)	(0,0)
36	3.6e+09	(0.0170524,-0.0041447)	(0.0169498,-0.00418337)	(0,0)	(0,0)	(0,0)	(0,0)
37	3.7e+09	(0.00088953,-0.000289799)	(-0.000868173,0.000253715)	(0,0)	(0,0)	(0,0)	(0,0)
38	3.8e+09	(-4.402e-05,8.66e-05)	(-0.000162203,-2.2255e-05)	(0,0)	(0,0)	(0,0)	(0,0)
39	3.9e+09	(0.000886001,-0.000109456)	(-0.000755095,0.000676064)	(0,0)	(0,0)	(0,0)	(0,0)
40	4e+09	(5.31495e-05,-1.03005e-05)	(6.06452e-05,0.000152122)	(0,0)	(0,0)	(0,0)	(0,0)
41	4.1e+09	(-1.64778e-05,1.75745e-05)	(-1.42885e-05,-2.17352e-05)	(0,0)	(0,0)	(0,0)	(0,0)
42	4.2e+09	(1.7494e-05,-2.59319e-05)	(4.20294e-05,0.000127628)	(0,0)	(0,0)	(0,0)	(0,0)
43	4.3e+09	(1.66529e-05,7.29478e-06)	(-3.98605e-06,2.76947e-05)	(0,0)	(0,0)	(0,0)	(0,0)
44	4.4e+09	(-1.17193e-06,2.83546e-07)	(-1.28683e-05,-1.1824e-05)	(0,0)	(0,0)	(0,0)	(0,0)
45	4.5e+09	(9.99215e-06,4.65162e-07)	(-1.23459e-05,7.12118e-06)	(0,0)	(0,0)	(0,0)	(0,0)
46	4.6e+09	(-6.20791e-06,-6.2614e-08)	(-4.22555e-06,1.58864e-05)	(0,0)	(0,0)	(0,0)	(0,0)
47	4.7e+09	(-5.69188e-06,-1.42852e-06)	(-8.99392e-06,-2.72151e-05)	(0,0)	(0,0)	(0,0)	(0,0)
48	4.8e+09	(6.38527e-05,-3.41501e-05)	(1.09084e-05,-7.38607e-05)	(0,0)	(0,0)	(0,0)	(0,0)
49	4.9e+09	(-6.45164e-06,3.73657e-06)	(-1.31657e-05,1.62552e-05)	(0,0)	(0,0)	(0,0)	(0,0)
50	5e+09	(9.67803e-05,-8.45258e-05)	(3.72907e-05,-0.000123444)	(0,0)	(0,0)	(0,0)	(0,0)
51	5.1e+09	(-0.000163921,0.000695203)	(0.000147481,-0.000863765)	(0,0)	(0,0)	(0,0)	(0,0)
52	5.2e+09	(-7.92969e-05,-7.72347e-05)	(-6.20749e-05,-4.25946e-06)	(0,0)	(0,0)	(0,0)	(0,0)
53	5.3e+09	(-1.96241e-05,0.000766784)	(6.70652e-05,-0.00076003)	(0,0)	(0,0)	(0,0)	(0,0)
54	5.4e+09	(0.00425116,-0.00574593)	(0.00412956,-0.00577315)	(0,0)	(0,0)	(0,0)	(0,0)
55	5.5e+09	(0.000331804,-0.000450807)	(-0.000336212,0.000406652)	(0,0)	(0,0)	(0,0)	(0,0)
56	5.6e+09	(3.49852e-05,0.000103349)	(-0.000127695,2.06369e-05)	(0,0)	(0,0)	(0,0)	(0,0)
57	5.7e+09	(0.000508147,-0.000113451)	(-2.89253e-05,0.000791216)	(0,0)	(0,0)	(0,0)	(0,0)
58	5.8e+09	(3.77038e-05,-7.60866e-05)	(9.33514e-05,0.000108179)	(0,0)	(0,0)	(0,0)	(0,0)
59	5.9e+09	(-8.86612e-06,2.6217e-05)	(-2.25317e-05,-1.37784e-05)	(0,0)	(0,0)	(0,0)	(0,0)
60	6e+09	(9.65789e-07,-5.86097e-05)	(7.28104e-05,0.000113349)	(0,0)	(0,0)	(0,0)	(0,0)
61	6.1e+09	(2.14151e-05,-5.36715e-08)	(9.1199e-06,2.88164e-05)	(0,0)	(0,0)	(0,0)	(0,0)
62	6.2e+09	(-1.4023e-06,5.41008e-08)	(-1.59294e-05,-5.38816e-06)	(0,0)	(0,0)	(0,0)	(0,0)
63	6.3e+09	(1.1265e-05,-2.83132e-06)	(-7.48248e-06,1.48339e-05)	(0,0)	(0,0)	(0,0)	(0,0)
64	6.4e+09	(-5.44424e-06,9.66813e-07)	(9.80174e-07,1.76563e-05)	(0,0)	(0,0)	(0,0)	(0,0)
65	6.5e+09	(-4.40326e-06,2.80472e-06)	(-2.00309e-05,-2.0342e-05)	(0,0)	(0,0)	(0,0)	(0,0)
66	6.6e+09	(2.84561e-05,-3.81803e-05)	(-2.25619e-05,-5.1255e-05)	(0,0)	(0,0)	(0,0)	(0,0)
67	6.7e+09	(-2.36972e-06,5.10732e-06)	(-6.90365e-06,1.85557e-05)	(0,0)	(0,0)	(0,0)	(0,0)
68	6.8e+09	(3.49878e-05,-7.68976e-05)	(-2.07946e-05,-9.0888e-05)	(0,0)	(0,0)	(0,0)	(0,0)
69	6.9e+09	(0.000126353,0.000364827)	(-0.000182172,-0.000476737)	(0,0)	(0,0)	(0,0)	(0,0)
70	7e+09	(-7.24071e-05,-2.48749e-05)	(-3.93028e-05,2.62389e-05)	(0,0)	(0,0)	(0,0)	(0,0)
71	7.1e+09	(0.00022393,0.000373915)	(-0.000175865,-0.000390431)	(0,0)	(0,0)	(0,0)	(0,0)
72	7.2e+09	(0.000375598,-0.00328273)	(0.000227642,-0.00331187)	(0,0)	(0,0)	(0,0)	(0,0)
73	7.3e+09	(3.29679e-05,-0.000343938)	(-6.00176e-05,0.000305954)	(0,0)	(0,0)	(0,0)	(0,0)
74	7.4e+09	(9.95959e-05,8.35032e-05)	(-0.000112014,2.27918e-05)	(0,0)	(0,0)	(0,0)	(0,0)
75	7.5e+09	(0.000477866,8.14252e-05)	(0.00045962,0.000709283)	(0,0)	(0,0)	(0,0)	(0,0)
76	7.6e+09	(-9.75672e-06,-0.000123154)	(0.00010443,9.55776e-05)	(0,0)	(0,0)	(0,0)	(0,0)
77	7.7e+09	(-1.968e-07,3.08163e-05)	(-2.78189e-05,-3.4223e-06)	(0,0)	(0,0)	(0,0)	(0,0)
78	7.8e+09	(-3.35403e-05,-8.42595e-05)	(9.92383e-05,0.000118986)	(0,0)	(0,0)	(0,0)	(0,0)
79	7.9e+09	(2.50711e-05,-6.34596e-06)	(2.24499e-05,2.90267e-05)	(0,0)	(0,0)	(0,0)	(0,0)
80	8e+09	(-1.48815e-06,-5.97742e-07)	(-1.62095e-05,-3.6967e-07)	(0,0)	(0,0)	(0,0)	(0,0)
81	8.1e+09	(1.28715e-05,-6.38557e-06)	(1.65896e-06,2.09141e-05)	(0,0)	(0,0)	(0,0)	(0,0)
82	8.2e+09	(-5.11598e-06,1.22446e-06)	(5.34454e-06,1.81767e-05)	(0,0)	(0,0)	(0,0)	(0,0)
83	8.3e+09	(-2.63807e-06,2.2033e-06)	(-2.44798e-05,-1.18537e-05)	(0,0)	(0,0)	(0,0)	(0,0)
84	8.4e+09	(9.7231e-06,-3.25579e-05)	(-3.09866e-05,-2.79163e-05)	(0,0)	(0,0)	(0,0)	(0,0)
85	8.5e+09	(-1.88712e-06,4.27618e-06)	(-2.09826e-06,1.93482e-05)	(0,0)	(0,0)	(0,0)	(0,0)
86	8.6e+09	(7.78986e-06,-6.00439e-05)	(-3.80464e-05,-5.84693e-05)	(0,0)	(0,0)	(0,0)	(0,0)
87	8.7e+09	(0.000170884,0.000141823)	(-0.000226868,-0.000222112)	(0,0)	(0,0)	(0,0)	(0,0)
88	8.8e+09	(-5.77845e-05,-6.10159e-07)	(-2.00427e-05,3.21884e-05)	(0,0)	(0,0)	(0,0)	(0,0)
89	8.9e+09	(0.000237337,0.000132285)	(-0.000187439,-0.00017228)	(0,0)	(0,0)	(0,0)	(0,0)
90	9e+09	(-0.000406559,-0.00172646)	(-0.000616265,-0.00175562)	(0,0)	(0,0)	(0,0)	(0,0)
91	9.1e+09	(-9.48614e-05,-0.000219327)	(4.3324e-05,0.000187358)	(0,0)	(0,0)	(0,0)	(0,0)
92	9.2e+09	(0.000219064,3.64133e-05)	(-0.000197489,4.27467e-05)	(0,0)	(0,0)	(0,0)	(0,0)
93	9.3e+09	(0.000794134,0.000341418)	(0.00106362,0.000779086)	(0,0)	(0,0)	(0,0)	(0,0)
94	9.4e+09	(-0.000149701,-0.000193666)	(0.00021239,0.00014957)	(0,0)	(0,0)	(0,0)	(0,0)
95	9.5e+09	(1.20442e-05,3.70574e-05)	(-4.59107e-05,1.42508e-05)	(0,0)	(0,0)	(0,0)	(0,0)
96	9.6e+09	(-0.000164598,-0.000125316)	(0.000228195,0.000171684)	(0,0)	(0,0)	(0,0)	(0,0)
97	9.7e+09	(2.66338e-05,-5.98027e-06)	(4.83466e-05,4.33533e-05)	(0,0)	(0,0)	(0,0)	(0,0)
98	9.8e+09	(5.94992e-08,-2.34767e-06)	(-2.03029e-05,3.34335e-06)	(0,0)	(0,0)	(0,0)	(0,0)
99	9.9e+09	(1.18732e-05,-1.07624e-05)	(2.0546e-05,3.50645e-05)	(0,0)	(0,0)	(0,0)	(0,0)
100	1e+10	(-9.01385e-06,9.97187e-07)	(1.22557e-05,2.21892e-05)	(0,0)	(0,0)	(0,0)	(0,0)

