Time(s)	I(VDD)	V(107)
0	-2.10473e-05	2.7356
1e-10	-2.14807e-05	2.72061
2e-10	-2.19691e-05	2.70467
3e-10	-2.23461e-05	2.68771
4e-10	-2.27625e-05	2.66967
5e-10	-2.30501e-05	2.65048
6e-10	-2.33572e-05	2.63003
7e-10	-2.35128e-05	2.60823
8e-10	-2.36614e-05	2.58496
9e-10	-2.36276e-05	2.56008
1e-09	-2.35502e-05	2.53343
1.1e-09	-2.32467e-05	2.50482
1.2e-09	-2.2847e-05	2.47404
1.3e-09	-2.21573e-05	2.44083
1.4e-09	-2.19485e-05	2.40529
1.5e-09	-2.10154e-05	2.36726
1.6e-09	-2.01822e-05	2.32634
1.7e-09	-1.92902e-05	2.28255
1.8e-09	-1.85269e-05	2.23589
1.9e-09	-1.82436e-05	2.18639
2e-09	-1.88795e-05	2.13406
2.1e-09	-2.04063e-05	2.07893
2.2e-09	-2.31184e-05	2.02099
2.3e-09	-2.6999e-05	1.96029
2.4e-09	-3.2353e-05	1.89683
2.5e-09	-3.91739e-05	1.83064
2.6e-09	-4.77762e-05	1.76174
2.7e-09	-5.8162e-05	1.69015
2.8e-09	-7.06537e-05	1.6159
2.9e-09	-8.52606e-05	1.53901
3e-09	-0.000102311	1.4595
3.1e-09	-0.000121818	1.37742
3.2e-09	-0.000144115	1.29277
3.3e-09	-0.000169218	1.2056
3.4e-09	-0.000197458	1.11593
3.5e-09	-0.000227846	1.02653
3.6e-09	-0.000260191	0.93829
3.7e-09	-0.000294652	0.850146
3.8e-09	-0.000330688	0.763646
3.9e-09	-0.00036735	0.680197
4e-09	-0.000403984	0.600992
4.1e-09	-0.000439657	0.526959
4.2e-09	-0.00047385	0.45874
4.3e-09	-0.000505859	0.396701
4.4e-09	-0.000535446	0.340956
4.5e-09	-0.00056221	0.291405
4.6e-09	-0.000586206	0.247787
4.7e-09	-0.000607287	0.209722
4.8e-09	-0.000625716	0.176754
4.9e-09	-0.000641503	0.148393
5e-09	-0.000655015	0.124137
5.1e-09	-0.000666324	0.1035
5.2e-09	-0.000675824	0.08602
5.3e-09	-0.000683586	0.0712742
5.4e-09	-0.000689986	0.0588802
5.5e-09	-0.000695065	0.0484981
5.6e-09	-0.000699158	0.0398301
5.7e-09	-0.000632328	0.0325994
5.8e-09	-0.000635469	0.026602
5.9e-09	-0.000637477	0.0216568
6e-09	-0.00063865	0.0175941
6.1e-09	-0.000638903	0.0142826
6.2e-09	-0.000638495	0.0116011
6.3e-09	-0.000637314	0.00944221
6.4e-09	-0.000635603	0.00770651
6.5e-09	-0.000633248	0.00631449
6.6e-09	-0.000630468	0.00519922
6.7e-09	-0.000627136	0.00430756
6.8e-09	-0.000623455	0.00359506
6.9e-09	-0.000619288	0.00302668
7e-09	-0.000614829	0.00257317
7.1e-09	-0.000609936	0.00221173
7.2e-09	-0.000604797	0.00192328
7.3e-09	-0.000599265	0.00169313
7.4e-09	-0.000593525	0.00150897
7.5e-09	-0.000587429	0.00136142
7.6e-09	-0.000581158	0.00124259
7.7e-09	-0.000574565	0.00114657
7.8e-09	-0.000567827	0.00106835
7.9e-09	-0.000560798	0.00100423
8e-09	-0.000553654	0.000951047
8.1e-09	-0.000546248	0.000906526
8.2e-09	-0.000538756	0.00086869
8.3e-09	-0.00053103	0.000836144
8.4e-09	-0.000523246	0.000807661
8.5e-09	-0.000515256	0.000782402
8.6e-09	-0.000507233	0.000759613
8.7e-09	-0.000499032	0.000738793
8.8e-09	-0.000490823	0.000719485
8.9e-09	-0.000482461	0.000701395
9e-09	-0.000474117	0.000684248
9.1e-09	-0.000465643	0.000667877
9.2e-09	-0.00045721	0.000652116
9.3e-09	-0.000448671	0.000636873
9.4e-09	-0.000440194	0.000622052
9.5e-09	-0.000431632	0.000607603
9.6e-09	-0.000423152	0.000593472
9.7e-09	-0.000414607	0.000579631
9.8e-09	-0.000406163	0.000566055
9.9e-09	-0.000397672	0.000552726
1e-08	-0.000389299	0.000539634
1.01e-08	-0.000380894	0.00052677
1.02e-08	-0.000372623	0.000514131
1.03e-08	-0.000364336	0.00050171
1.04e-08	-0.000356195	0.000489511
1.05e-08	-0.000348051	0.000477528
1.06e-08	-0.000340066	0.000465766
1.07e-08	-0.000332088	0.000454219
1.08e-08	-0.00032428	0.000442895
1.09e-08	-0.000316489	0.000431787
1.1e-08	-0.000308875	0.000420902
1.11e-08	-0.000301287	0.000410234
1.12e-08	-0.000293884	0.00039979
1.13e-08	-0.000286513	0.000389562
1.14e-08	-0.000279333	0.000379558
1.15e-08	-0.000272191	0.000369768
1.16e-08	-0.000265244	0.0003602
1.17e-08	-0.000258338	0.000350844
1.18e-08	-0.000251631	0.000341707
1.19e-08	-0.000244969	0.000332779
1.2e-08	-0.000238508	0.000324067
1.21e-08	-0.000232093	0.000315559
1.22e-08	-0.000225881	0.000307262
1.23e-08	-0.000219716	0.000299165
1.24e-08	-0.000213754	0.000291273
1.25e-08	-0.00020784	0.000283575
1.26e-08	-0.000202128	0.000276078
1.27e-08	-0.000196463	0.000268768
1.28e-08	-0.000190999	0.000261651
1.29e-08	-0.000185581	0.000254715
1.3e-08	-0.000180364	0.000247967
1.31e-08	-0.000175189	0.000241392
1.32e-08	-0.000170213	0.000234998
1.33e-08	-0.000165279	0.00022877
1.34e-08	-0.000160539	0.000222716
1.35e-08	-0.000155839	0.00021682
1.36e-08	-0.000151331	0.000211091
1.37e-08	-0.000146858	0.000205513
1.38e-08	-0.000142575	0.000200094
1.39e-08	-0.000138325	0.00019482
1.4e-08	-0.00013426	0.000189698
1.41e-08	-0.000130224	0.000184712
1.42e-08	-0.000126371	0.000179871
1.43e-08	-0.000122543	0.00017516
1.44e-08	-0.000118893	0.000170586
1.45e-08	-0.000115265	0.000166136
1.46e-08	-0.000111812	0.000161816
1.47e-08	-0.000108376	0.000157612
1.48e-08	-0.000105111	0.000153531
1.49e-08	-0.000101861	0.000149561
1.5e-08	-9.87767e-05	0.000145708
1.51e-08	-9.57028e-05	0.000141958
1.52e-08	-9.2792e-05	0.000138318
1.53e-08	-8.98874e-05	0.000134777
1.54e-08	-8.7142e-05	0.000131339
1.55e-08	-8.43989e-05	0.000127993
1.56e-08	-8.18114e-05	0.000124747
1.57e-08	-7.92223e-05	0.000121585
1.58e-08	-7.67851e-05	0.000118518
1.59e-08	-7.43428e-05	0.00011553
1.6e-08	-7.20485e-05	0.000112631
1.61e-08	-6.97457e-05	0.000109806
1.62e-08	-6.75873e-05	0.000107065
1.63e-08	-6.54169e-05	0.000104394
1.64e-08	-6.33876e-05	0.000101802
1.65e-08	-6.13429e-05	9.92746e-05
1.66e-08	-5.94359e-05	9.68213e-05
1.67e-08	-5.75102e-05	9.44292e-05
1.68e-08	-5.57191e-05	9.21067e-05
1.69e-08	-5.39062e-05	8.9841e-05
1.7e-08	-5.22248e-05	8.76409e-05
1.71e-08	-5.05186e-05	8.54938e-05
1.72e-08	-4.89408e-05	8.34084e-05
1.73e-08	-4.73354e-05	8.13722e-05
1.74e-08	-4.58556e-05	7.93942e-05
1.75e-08	-4.43455e-05	7.74619e-05
1.76e-08	-4.29582e-05	7.55843e-05
1.77e-08	-4.15379e-05	7.37492e-05
1.78e-08	-4.02379e-05	7.19656e-05
1.79e-08	-3.89025e-05	7.02214e-05
1.8e-08	-3.76848e-05	6.85257e-05
1.81e-08	-3.64292e-05	6.68664e-05
1.82e-08	-3.52891e-05	6.52529e-05
1.83e-08	-3.41088e-05	6.3673e-05
1.84e-08	-3.30417e-05	6.21362e-05
1.85e-08	-3.19324e-05	6.06306e-05
1.86e-08	-3.09341e-05	5.91655e-05
1.87e-08	-2.98914e-05	5.77292e-05
1.88e-08	-2.89578e-05	5.63311e-05
1.89e-08	-2.7978e-05	5.49595e-05
1.9e-08	-2.71052e-05	5.3624e-05
1.91e-08	-2.61844e-05	5.23129e-05
1.92e-08	-2.53688e-05	5.10358e-05
1.93e-08	-2.45034e-05	4.97811e-05
1.94e-08	-2.37416e-05	4.85585e-05
1.95e-08	-2.29284e-05	4.73566e-05
1.96e-08	-2.22171e-05	4.61849e-05
1.97e-08	-2.14528e-05	4.50321e-05
1.98e-08	-2.07889e-05	4.39079e-05
1.99e-08	-2.00706e-05	4.2801e-05
2e-08	-1.94512e-05	4.17211e-05
2.01e-08	-1.87761e-05	4.0657e-05
2.02e-08	-1.81985e-05	3.96185e-05
2.03e-08	-1.75639e-05	3.85944e-05
2.04e-08	-1.70255e-05	3.75945e-05
2.05e-08	-1.64288e-05	3.66076e-05
2.06e-08	-1.59272e-05	3.56437e-05
2.07e-08	-1.53662e-05	3.46915e-05
2.08e-08	-1.48991e-05	3.37612e-05
2.09e-08	-1.43715e-05	3.28415e-05
2.1e-08	-1.39366e-05	3.19424e-05
2.11e-08	-1.34404e-05	3.10529e-05
2.12e-08	-1.30359e-05	3.0183e-05
2.13e-08	-1.2569e-05	2.93217e-05
2.14e-08	-1.21928e-05	2.8479e-05
2.15e-08	-1.17535e-05	2.7644e-05
2.16e-08	-1.1404e-05	2.68267e-05
2.17e-08	-1.09904e-05	2.60161e-05
2.18e-08	-1.06658e-05	2.52225e-05
2.19e-08	-1.02764e-05	2.44347e-05
2.2e-08	-9.97512e-06	2.36631e-05
2.21e-08	-9.60832e-06	2.28966e-05
2.22e-08	-9.32896e-06	2.21455e-05
2.23e-08	-8.98334e-06	2.13988e-05
2.24e-08	-8.72447e-06	2.06668e-05
2.25e-08	-8.3987e-06	1.99385e-05
2.26e-08	-8.159e-06	1.92243e-05
2.27e-08	-7.85181e-06	1.85132e-05
2.28e-08	-7.63006e-06	1.78156e-05
2.29e-08	-7.34027e-06	1.71205e-05
2.3e-08	-7.13533e-06	1.64382e-05
2.31e-08	-6.86183e-06	1.5758e-05
2.32e-08	-6.67262e-06	1.509e-05
2.33e-08	-6.41435e-06	1.44236e-05
2.34e-08	-6.23987e-06	1.3769e-05
2.35e-08	-5.99587e-06	1.31155e-05
2.36e-08	-5.83516e-06	1.24732e-05
2.37e-08	-5.60452e-06	1.18316e-05
2.38e-08	-5.45669e-06	1.12008e-05
2.39e-08	-5.23855e-06	1.05702e-05
2.4e-08	-5.10279e-06	9.95015e-06
2.41e-08	-4.89633e-06	9.32984e-06
2.42e-08	-4.77186e-06	8.71963e-06
2.43e-08	-4.57634e-06	8.10883e-06
2.44e-08	-4.46242e-06	7.50777e-06
2.45e-08	-4.27714e-06	6.90577e-06
2.46e-08	-4.17309e-06	6.31317e-06
2.47e-08	-3.99739e-06	5.71931e-06
2.48e-08	-3.90258e-06	5.13452e-06
2.49e-08	-3.73583e-06	4.54818e-06
2.5e-08	-3.64966e-06	3.9706e-06
2.51e-08	-3.4913e-06	3.39118e-06
2.52e-08	-3.41321e-06	2.82025e-06
2.53e-08	-3.26268e-06	2.24719e-06
2.54e-08	-3.19214e-06	1.68236e-06
2.55e-08	-3.04895e-06	1.11515e-06
2.56e-08	-2.98548e-06	5.55919e-07
2.57e-08	-2.84914e-06	-5.93318e-09
2.58e-08	-2.79228e-06	-5.60051e-07
2.59e-08	-2.66236e-06	-1.11701e-06
2.6e-08	-2.61167e-06	-1.66647e-06
2.61e-08	-2.48775e-06	-2.21898e-06
2.62e-08	-2.44284e-06	-2.76419e-06
2.63e-08	-2.32453e-06	-3.31267e-06
2.64e-08	-2.28502e-06	-3.85405e-06
2.65e-08	-2.17196e-06	-4.39888e-06
2.66e-08	-2.1375e-06	-4.93681e-06
2.67e-08	-2.02935e-06	-5.47838e-06
2.68e-08	-1.99961e-06	-6.01323e-06
2.69e-08	-1.89604e-06	-6.55188e-06
2.7e-08	-1.87072e-06	-7.08399e-06
2.71e-08	-1.77144e-06	-7.62007e-06
2.72e-08	-1.75024e-06	-8.14977e-06
2.73e-08	-1.65498e-06	-8.6836e-06
2.74e-08	-1.63764e-06	-9.2112e-06
2.75e-08	-1.54613e-06	-9.74308e-06
2.76e-08	-1.53239e-06	-1.02689e-05
2.77e-08	-1.4444e-06	-1.07991e-05
2.78e-08	-1.43403e-06	-1.13234e-05
2.79e-08	-1.34931e-06	-1.18523e-05
2.8e-08	-1.34209e-06	-1.23753e-05
2.81e-08	-1.26045e-06	-1.29031e-05
2.82e-08	-1.25617e-06	-1.34252e-05
2.83e-08	-1.17739e-06	-1.39521e-05
2.84e-08	-1.17587e-06	-1.44735e-05
2.85e-08	-1.09978e-06	-1.49998e-05
2.86e-08	-1.10082e-06	-1.55207e-05
2.87e-08	-1.02724e-06	-1.60466e-05
2.88e-08	-1.03068e-06	-1.65673e-05
2.89e-08	-9.59452e-07	-1.70932e-05
2.9e-08	-9.65141e-07	-1.76138e-05
2.91e-08	-8.96105e-07	-1.81398e-05
2.92e-08	-9.03891e-07	-1.86606e-05
2.93e-08	-8.36908e-07	-1.91869e-05
2.94e-08	-8.46655e-07	-1.97082e-05
2.95e-08	-7.81591e-07	-2.0235e-05
2.96e-08	-7.93169e-07	-2.0757e-05
2.97e-08	-7.299e-07	-2.12845e-05
2.98e-08	-7.43189e-07	-2.18073e-05
2.99e-08	-6.816e-07	-2.23358e-05
3e-08	-6.96488e-07	-2.28596e-05
3.01e-08	-6.36469e-07	-2.33893e-05
3.02e-08	-6.5285e-07	-2.39143e-05
3.03e-08	-5.943e-07	-2.44453e-05
3.04e-08	-6.12075e-07	-2.49718e-05
3.05e-08	-5.54899e-07	-2.55043e-05
3.06e-08	-5.73978e-07	-2.60325e-05
3.07e-08	-5.18086e-07	-2.65667e-05
3.08e-08	-5.38382e-07	-2.70966e-05
3.09e-08	-4.83692e-07	-2.76327e-05
3.1e-08	-5.05125e-07	-2.81647e-05
3.11e-08	-4.5156e-07	-2.87029e-05
3.12e-08	-4.74054e-07	-2.9237e-05
3.13e-08	-4.2154e-07	-2.97775e-05
3.14e-08	-4.45027e-07	-3.0314e-05
3.15e-08	-3.93496e-07	-3.0857e-05
3.16e-08	-4.17908e-07	-3.1396e-05
3.17e-08	-3.67298e-07	-3.19416e-05
3.18e-08	-3.92575e-07	-3.24834e-05
3.19e-08	-3.42825e-07	-3.30318e-05
3.2e-08	-3.68909e-07	-3.35765e-05
3.21e-08	-3.19965e-07	-3.41279e-05
3.22e-08	-3.46803e-07	-3.46757e-05
3.23e-08	-2.98612e-07	-3.52302e-05
3.24e-08	-3.26154e-07	-3.57813e-05
3.25e-08	-2.78668e-07	-3.63393e-05
3.26e-08	-3.06867e-07	-3.68938e-05
3.27e-08	-2.60041e-07	-3.74553e-05
3.28e-08	-2.88852e-07	-3.80135e-05
3.29e-08	-2.42644e-07	-3.85787e-05
3.3e-08	-2.72027e-07	-3.91408e-05
3.31e-08	-2.26397e-07	-3.971e-05
3.32e-08	-2.56314e-07	-4.0276e-05
3.33e-08	-2.11225e-07	-4.08493e-05
3.34e-08	-2.4164e-07	-4.14196e-05
3.35e-08	-1.97057e-07	-4.19972e-05
3.36e-08	-2.27937e-07	-4.25719e-05
3.37e-08	-1.83828e-07	-4.3154e-05
3.38e-08	-2.15141e-07	-4.37333e-05
3.39e-08	-1.71476e-07	-4.43202e-05
3.4e-08	-2.03193e-07	-4.49043e-05
3.41e-08	-1.59943e-07	-4.54961e-05
3.42e-08	-1.92038e-07	-4.60853e-05
3.43e-08	-1.49177e-07	-4.66822e-05
3.44e-08	-1.81623e-07	-4.72765e-05
3.45e-08	-1.39127e-07	-4.78788e-05
3.46e-08	-1.71901e-07	-4.84786e-05
3.47e-08	-1.29746e-07	-4.90864e-05
3.48e-08	-1.62825e-07	-4.96919e-05
3.49e-08	-1.20989e-07	-5.03055e-05
3.5e-08	-1.54353e-07	-5.09169e-05
3.51e-08	-1.12817e-07	-5.15365e-05
3.52e-08	-1.46446e-07	-5.2154e-05
3.53e-08	-1.05191e-07	-5.27799e-05
3.54e-08	-1.39066e-07	-5.34038e-05
3.55e-08	-9.80746e-08	-5.40361e-05
3.56e-08	-1.32179e-07	-5.46666e-05
3.57e-08	-9.14347e-08	-5.53057e-05
3.58e-08	-1.25753e-07	-5.59431e-05
3.59e-08	-8.524e-08	-5.65891e-05
3.6e-08	-1.19757e-07	-5.72336e-05
3.61e-08	-7.94613e-08	-5.78869e-05
3.62e-08	-1.14164e-07	-5.85388e-05
3.63e-08	-7.40712e-08	-5.91997e-05
3.64e-08	-1.08946e-07	-5.98592e-05
3.65e-08	-6.90441e-08	-6.05279e-05
3.66e-08	-1.04079e-07	-6.11954e-05
3.67e-08	-6.43562e-08	-6.18721e-05
3.68e-08	-9.95392e-08	-6.25479e-05
3.69e-08	-5.99851e-08	-6.3233e-05
3.7e-08	-9.5306e-08	-6.39173e-05
3.71e-08	-5.591e-08	-6.46112e-05
3.72e-08	-9.1359e-08	-6.53043e-05
3.73e-08	-5.21114e-08	-6.60072e-05
3.74e-08	-8.76791e-08	-6.67096e-05
3.75e-08	-4.85709e-08	-6.74218e-05
3.76e-08	-8.42488e-08	-6.81337e-05
3.77e-08	-4.52717e-08	-6.88556e-05
3.78e-08	-8.10515e-08	-6.95774e-05
3.79e-08	-4.21976e-08	-7.03094e-05
3.8e-08	-7.80719e-08	-7.10414e-05
3.81e-08	-3.9334e-08	-7.17839e-05
3.82e-08	-7.52956e-08	-7.25265e-05
3.83e-08	-3.66667e-08	-7.32798e-05
3.84e-08	-7.27091e-08	-7.40335e-05
3.85e-08	-3.41829e-08	-7.4798e-05
3.86e-08	-7.02999e-08	-7.55631e-05
3.87e-08	-3.18703e-08	-7.63392e-05
3.88e-08	-6.80561e-08	-7.71162e-05
3.89e-08	-2.97175e-08	-7.79044e-05
3.9e-08	-6.59667e-08	-7.86937e-05
3.91e-08	-2.7714e-08	-7.94944e-05
3.92e-08	-6.40216e-08	-8.02965e-05
3.93e-08	-2.58499e-08	-8.11102e-05
3.94e-08	-6.2211e-08	-8.19255e-05
3.95e-08	-2.41157e-08	-8.27528e-05
3.96e-08	-6.05261e-08	-8.35819e-05
3.97e-08	-2.25029e-08	-8.44231e-05
3.98e-08	-5.89584e-08	-8.52665e-05
3.99e-08	-2.10033e-08	-8.61223e-05
4e-08	-5.75e-08	-8.69805e-05
4.01e-08	-1.96093e-08	-8.78515e-05
4.02e-08	-5.61437e-08	-8.87251e-05
4.03e-08	-1.83139e-08	-8.96118e-05
4.04e-08	-5.48826e-08	-9.05014e-05
4.05e-08	-1.71104e-08	-9.14044e-05
4.06e-08	-5.37102e-08	-9.23107e-05
4.07e-08	-1.59927e-08	-9.32307e-05
4.08e-08	-5.26206e-08	-9.41543e-05
4.09e-08	-1.49548e-08	-9.50919e-05
4.1e-08	-5.16082e-08	-9.60336e-05
4.11e-08	-1.39915e-08	-9.69896e-05
4.12e-08	-5.06678e-08	-9.79499e-05
4.13e-08	-1.30976e-08	-9.8925e-05
4.14e-08	-4.97943e-08	-9.99049e-05
4.15e-08	-1.22684e-08	-0.0001009
4.16e-08	-4.89834e-08	-0.0001019
4.17e-08	-1.14995e-08	-0.000102916
4.18e-08	-4.82306e-08	-0.000103937
4.19e-08	-1.07867e-08	-0.000104975
4.2e-08	-4.7532e-08	-0.000106018
4.21e-08	-1.01263e-08	-0.000107078
4.22e-08	-4.68839e-08	-0.000108144
4.23e-08	-9.51448e-09	-0.000109227
4.24e-08	-4.62827e-08	-0.000110318
4.25e-08	-8.94799e-09	-0.000111425
4.26e-08	-4.57253e-08	-0.000112541
4.27e-08	-8.42364e-09	-0.000113674
4.28e-08	-4.52084e-08	-0.000114816
4.29e-08	-7.93847e-09	-0.000115976
4.3e-08	-4.47294e-08	-0.000117144
4.31e-08	-7.48972e-09	-0.000118332
4.32e-08	-4.42854e-08	-0.000119529
4.33e-08	-7.07481e-09	-0.000120746
4.34e-08	-4.38741e-08	-0.000121973
4.35e-08	-6.69132e-09	-0.000123221
4.36e-08	-4.34931e-08	-0.000124479
4.37e-08	-6.33701e-09	-0.000125758
4.38e-08	-4.31401e-08	-0.000127049
4.39e-08	-6.32594e-09	-0.000128185
4.4e-08	-5.67365e-08	-0.000121614
4.41e-08	-5.34189e-08	-9.02197e-05
4.42e-08	-1.44337e-07	-1.62692e-05
4.43e-08	-1.81867e-07	0.000114797
4.44e-08	-3.13899e-07	0.000315121
4.45e-08	-3.92863e-07	0.00059496
4.46e-08	-5.66578e-07	0.00096315
4.47e-08	-6.87527e-07	0.00142742
4.48e-08	-9.03457e-07	0.00199469
4.49e-08	-1.06691e-06	0.00267125
4.5e-08	-1.32555e-06	0.00346294
4.51e-08	-1.53198e-06	0.00437527
4.52e-08	-1.8338e-06	0.00541355
4.53e-08	-2.08366e-06	0.00658294
4.54e-08	-2.42909e-06	0.00788856
4.55e-08	-2.72279e-06	0.00933548
4.56e-08	-3.11223e-06	0.0109288
4.57e-08	-3.45015e-06	0.0126739
4.58e-08	-3.88395e-06	0.0145758
4.59e-08	-4.26643e-06	0.0166403
4.6e-08	-4.74491e-06	0.0188727
4.61e-08	-5.17226e-06	0.0212791
4.62e-08	-5.69572e-06	0.0238655
4.63e-08	-6.1682e-06	0.0266381
4.64e-08	-6.73686e-06	0.0296036
4.65e-08	-7.25469e-06	0.0327687
4.66e-08	-7.86878e-06	0.0361408
4.67e-08	-8.43214e-06	0.0397274
4.68e-08	-9.0918e-06	0.0435363
4.69e-08	-9.70082e-06	0.0475761
4.7e-08	-1.04062e-05	0.0518553
4.71e-08	-1.10609e-05	0.0563834
4.72e-08	-1.1812e-05	0.0611702
4.73e-08	-1.25126e-05	0.066226
4.74e-08	-1.33094e-05	0.0715618
4.75e-08	-1.40557e-05	0.0771892
4.76e-08	-1.48983e-05	0.0831208
4.77e-08	-1.56903e-05	0.0893697
4.78e-08	-1.65784e-05	0.09595
4.79e-08	-1.74159e-05	0.102877
4.8e-08	-1.83494e-05	0.110166
4.81e-08	-1.92322e-05	0.117835
4.82e-08	-2.02109e-05	0.125902
4.83e-08	-2.11387e-05	0.134387
4.84e-08	-2.21622e-05	0.143311
4.85e-08	-2.31346e-05	0.152698
4.86e-08	-2.42024e-05	0.162573
4.87e-08	-2.5219e-05	0.172962
4.88e-08	-2.63306e-05	0.183896
4.89e-08	-2.73908e-05	0.195405
4.9e-08	-2.85455e-05	0.207526
4.91e-08	-2.96483e-05	0.220297
4.92e-08	-3.08454e-05	0.233759
4.93e-08	-3.19901e-05	0.247959
4.94e-08	-3.32284e-05	0.262949
4.95e-08	-3.44138e-05	0.278785
4.96e-08	-3.56921e-05	0.295529
4.97e-08	-3.69168e-05	0.313254
4.98e-08	-3.82336e-05	0.332036
4.99e-08	-3.94959e-05	0.351966
5e-08	-4.08493e-05	0.373143
5.01e-08	-4.2147e-05	0.395681
5.02e-08	-4.35345e-05	0.419709
5.03e-08	-4.4865e-05	0.445377
5.04e-08	-4.62835e-05	0.472854
5.05e-08	-4.76431e-05	0.502341
5.06e-08	-4.90885e-05	0.534068
5.07e-08	-5.04725e-05	0.56831
5.08e-08	-5.19432e-05	0.604948
5.09e-08	-5.33497e-05	0.644104
5.1e-08	-5.48385e-05	0.686155
5.11e-08	-5.62633e-05	0.731085
5.12e-08	-5.77689e-05	0.778882
5.13e-08	-5.9209e-05	0.829529
5.14e-08	-6.07364e-05	0.88301
5.15e-08	-6.22228e-05	0.939309
5.16e-08	-6.38295e-05	0.998407
5.17e-08	-6.54243e-05	1.06029
5.18e-08	-6.71634e-05	1.12493
5.19e-08	-6.89077e-05	1.19231
5.2e-08	-7.0804e-05	1.2624
5.21e-08	-7.27014e-05	1.3352
5.22e-08	-7.47316e-05	1.41067
5.23e-08	-7.67253e-05	1.48878
5.24e-08	-7.87915e-05	1.56951
5.25e-08	-8.07344e-05	1.65284
5.26e-08	-8.26307e-05	1.73874
5.27e-08	-8.42466e-05	1.82717
5.28e-08	-8.14367e-05	1.91551
5.29e-08	-8.17916e-05	2.00336
5.3e-08	-8.03738e-05	2.09216
5.31e-08	-7.69983e-05	2.18029
5.32e-08	-7.35965e-05	2.26624
5.33e-08	-6.97631e-05	2.34865
5.34e-08	-6.52304e-05	2.42641
5.35e-08	-6.00877e-05	2.49869
5.36e-08	-5.4712e-05	2.56495
5.37e-08	-4.91692e-05	2.6249
5.38e-08	-4.37829e-05	2.67854
5.39e-08	-3.85478e-05	2.72601
5.4e-08	-3.37098e-05	2.76764
5.41e-08	-2.91878e-05	2.80384
5.42e-08	-2.51605e-05	2.83509
5.43e-08	-2.14917e-05	2.8619
5.44e-08	-1.83174e-05	2.88476
5.45e-08	-1.54703e-05	2.90417
5.46e-08	-1.30662e-05	2.92056
5.47e-08	-1.0926e-05	2.93436
5.48e-08	-9.1599e-06	2.94593
5.49e-08	-7.58821e-06	2.9556
5.5e-08	-6.32351e-06	2.96364
5.51e-08	-5.19069e-06	2.97032
5.52e-08	-4.30785e-06	2.97584
5.53e-08	-3.506e-06	2.98037
5.54e-08	-2.90614e-06	2.98409
5.55e-08	-2.34806e-06	2.9871
5.56e-08	-1.95995e-06	2.98953
5.57e-08	-1.57883e-06	2.99149
5.58e-08	-1.33602e-06	2.99305
5.59e-08	-1.07427e-06	2.99431
5.6e-08	-9.28825e-07	2.99531
5.61e-08	-7.46442e-07	2.99611
5.62e-08	-6.65367e-07	2.99675
5.63e-08	-5.35137e-07	2.99725
5.64e-08	-4.96127e-07	2.99766
5.65e-08	-3.99795e-07	2.99798
5.66e-08	-3.87973e-07	2.99824
5.67e-08	-3.13443e-07	2.99844
5.68e-08	-3.19009e-07	2.9986
5.69e-08	-2.58358e-07	2.99873
5.7e-08	-2.74927e-07	2.99884
5.71e-08	-2.23019e-07	2.99892
5.72e-08	-2.46472e-07	2.99899
5.73e-08	-2.0001e-07	2.99905
5.74e-08	-2.27718e-07	2.99909
5.75e-08	-1.8461e-07	2.99913
5.76e-08	-2.1491e-07	2.99916
5.77e-08	-1.7384e-07	2.99919
5.78e-08	-2.05694e-07	2.99922
5.79e-08	-1.65843e-07	2.99924
5.8e-08	-1.98608e-07	2.99926
5.81e-08	-1.59474e-07	2.99928
5.82e-08	-1.92759e-07	2.99929
5.83e-08	-1.54036e-07	2.99931
5.84e-08	-1.87606e-07	2.99932
5.85e-08	-1.49115e-07	2.99934
5.86e-08	-1.82832e-07	2.99935
5.87e-08	-1.44467e-07	2.99937
5.88e-08	-1.78252e-07	2.99938
5.89e-08	-1.39955e-07	2.99939
5.9e-08	-1.73766e-07	2.99941
5.91e-08	-1.35507e-07	2.99942
5.92e-08	-1.69322e-07	2.99943
5.93e-08	-1.31087e-07	2.99944
5.94e-08	-1.64899e-07	2.99946
5.95e-08	-1.26684e-07	2.99947
5.96e-08	-1.6049e-07	2.99948
5.97e-08	-1.22295e-07	2.99949
5.98e-08	-1.561e-07	2.9995
5.99e-08	-1.17929e-07	2.99951
6e-08	-1.51737e-07	2.99952
6.01e-08	-1.13596e-07	2.99954
6.02e-08	-1.47411e-07	2.99955
6.03e-08	-1.09305e-07	2.99956
6.04e-08	-1.43134e-07	2.99957
6.05e-08	-1.05069e-07	2.99958
6.06e-08	-1.38917e-07	2.99959
6.07e-08	-1.00897e-07	2.9996
6.08e-08	-1.3477e-07	2.99961
6.09e-08	-9.68005e-08	2.99962
6.1e-08	-1.30701e-07	2.99963
6.11e-08	-9.27867e-08	2.99963
6.12e-08	-1.2672e-07	2.99964
6.13e-08	-8.88631e-08	2.99965
6.14e-08	-1.22832e-07	2.99966
6.15e-08	-8.50359e-08	2.99967
6.16e-08	-1.19042e-07	2.99968
6.17e-08	-8.13099e-08	2.99969
6.18e-08	-1.15356e-07	2.99969
6.19e-08	-7.76888e-08	2.9997
6.2e-08	-1.11777e-07	2.99971
6.21e-08	-7.41756e-08	2.99972
6.22e-08	-1.08306e-07	2.99972
6.23e-08	-7.0772e-08	2.99973
6.24e-08	-1.04946e-07	2.99974
6.25e-08	-6.74791e-08	2.99974
6.26e-08	-1.01696e-07	2.99975
6.27e-08	-6.42971e-08	2.99976
6.28e-08	-9.85576e-08	2.99976
6.29e-08	-6.12255e-08	2.99977
6.3e-08	-9.5529e-08	2.99977
6.31e-08	-5.82635e-08	2.99978
6.32e-08	-9.26092e-08	2.99979
6.33e-08	-5.54095e-08	2.99979
6.34e-08	-8.97965e-08	2.9998
6.35e-08	-5.26616e-08	2.9998
6.36e-08	-8.70887e-08	2.99981
6.37e-08	-5.00174e-08	2.99981
6.38e-08	-8.44835e-08	2.99982
6.39e-08	-4.74743e-08	2.99982
6.4e-08	-8.19779e-08	2.99983
6.41e-08	-4.50295e-08	2.99983
6.42e-08	-7.95691e-08	2.99983
6.43e-08	-4.26799e-08	2.99984
6.44e-08	-7.72539e-08	2.99984
6.45e-08	-4.04223e-08	2.99985
6.46e-08	-7.5029e-08	2.99985
6.47e-08	-3.82533e-08	2.99985
6.48e-08	-7.28911e-08	2.99986
6.49e-08	-3.61696e-08	2.99986
6.5e-08	-7.08367e-08	2.99986
6.51e-08	-3.41677e-08	2.99987
6.52e-08	-6.88625e-08	2.99987
6.53e-08	-3.22441e-08	2.99987
6.54e-08	-6.69648e-08	2.99988
6.55e-08	-3.03955e-08	2.99988
6.56e-08	-6.51404e-08	2.99988
6.57e-08	-2.86184e-08	2.99989
6.58e-08	-6.33858e-08	2.99989
6.59e-08	-2.69094e-08	2.99989
6.6e-08	-6.16978e-08	2.99989
6.61e-08	-2.52653e-08	2.9999
6.62e-08	-6.00729e-08	2.9999
6.63e-08	-2.36829e-08	2.9999
6.64e-08	-5.85082e-08	2.9999
6.65e-08	-2.2159e-08	2.99991
6.66e-08	-5.70004e-08	2.99991
6.67e-08	-2.06905e-08	2.99991
6.68e-08	-5.55467e-08	2.99991
6.69e-08	-1.92747e-08	2.99991
6.7e-08	-5.41441e-08	2.99992
6.71e-08	-1.79085e-08	2.99992
6.72e-08	-5.27898e-08	2.99992
6.73e-08	-1.65894e-08	2.99992
6.74e-08	-5.14813e-08	2.99992
6.75e-08	-1.53146e-08	2.99993
6.76e-08	-5.02159e-08	2.99993
6.77e-08	-1.40818e-08	2.99993
6.78e-08	-4.89912e-08	2.99993
6.79e-08	-1.28884e-08	2.99993
6.8e-08	-4.78048e-08	2.99993
6.81e-08	-1.17323e-08	2.99994
6.82e-08	-4.66546e-08	2.99994
6.83e-08	-1.06113e-08	2.99994
6.84e-08	-4.55384e-08	2.99994
6.85e-08	-9.52326e-09	2.99994
6.86e-08	-4.44542e-08	2.99994
6.87e-08	-8.46627e-09	2.99994
6.88e-08	-4.34001e-08	2.99995
6.89e-08	-7.43847e-09	2.99995
6.9e-08	-4.23744e-08	2.99995
6.91e-08	-6.4381e-09	2.99995
6.92e-08	-4.13752e-08	2.99995
6.93e-08	-5.46349e-09	2.99995
6.94e-08	-4.0401e-08	2.99995
6.95e-08	-4.51308e-09	2.99995
6.96e-08	-3.94502e-08	2.99996
6.97e-08	-3.58537e-09	2.99996
6.98e-08	-3.85215e-08	2.99996
6.99e-08	-2.67898e-09	2.99996
7e-08	-3.76133e-08	2.99996
7.01e-08	-1.79257e-09	2.99996
7.02e-08	-3.67246e-08	2.99996
7.03e-08	-9.2492e-10	2.99996
7.04e-08	-3.5854e-08	2.99996
7.05e-08	-7.48537e-11	2.99996
7.06e-08	-3.50004e-08	2.99997
7.07e-08	7.58721e-10	2.99997
7.08e-08	-3.41629e-08	2.99997
7.09e-08	1.57683e-09	2.99997
7.1e-08	-3.33403e-08	2.99997
7.11e-08	2.38044e-09	2.99997
7.12e-08	-3.25317e-08	2.99997
7.13e-08	3.17045e-09	2.99997
7.14e-08	-3.17363e-08	2.99997
7.15e-08	3.94771e-09	2.99997
7.16e-08	-3.09533e-08	2.99997
7.17e-08	4.713e-09	2.99997
7.18e-08	-3.01819e-08	2.99998
7.19e-08	5.46707e-09	2.99998
7.2e-08	-2.94213e-08	2.99998
7.21e-08	6.21059e-09	2.99998
7.22e-08	-2.8671e-08	2.99998
7.23e-08	6.94423e-09	2.99998
7.24e-08	-2.79303e-08	2.99998
7.25e-08	7.66856e-09	2.99998
7.26e-08	-2.71985e-08	2.99998
7.27e-08	8.38416e-09	2.99998
7.28e-08	-2.64753e-08	2.99998
7.29e-08	9.09153e-09	2.99998
7.3e-08	-2.576e-08	2.99998
7.31e-08	9.79116e-09	2.99998
7.32e-08	-2.50523e-08	2.99999
7.33e-08	1.04835e-08	2.99999
7.34e-08	-2.43517e-08	2.99999
7.35e-08	1.11689e-08	2.99999
7.36e-08	-2.36577e-08	2.99999
7.37e-08	1.18479e-08	2.99999
7.38e-08	-2.29701e-08	2.99999
7.39e-08	1.25207e-08	2.99999
7.4e-08	-2.22884e-08	2.99999
7.41e-08	1.31877e-08	2.99999
7.42e-08	-2.16124e-08	2.99999
7.43e-08	1.38491e-08	2.99999
7.44e-08	-2.09419e-08	2.99999
7.45e-08	1.45053e-08	2.99999
7.46e-08	-2.02764e-08	2.99999
7.47e-08	1.51565e-08	2.99999
7.48e-08	-1.96158e-08	2.99999
7.49e-08	1.5803e-08	3
7.5e-08	-1.89599e-08	3
7.51e-08	1.64449e-08	3
7.52e-08	-1.83084e-08	3
7.53e-08	1.70824e-08	3
7.54e-08	-1.76612e-08	3
7.55e-08	1.77158e-08	3
7.56e-08	-1.70181e-08	3
7.57e-08	1.83451e-08	3
7.58e-08	-1.6379e-08	3
7.59e-08	1.89706e-08	3
7.6e-08	-1.57437e-08	3
7.61e-08	1.95923e-08	3
7.62e-08	-1.5112e-08	3
7.63e-08	2.02104e-08	3
7.64e-08	-1.4484e-08	3
7.65e-08	2.08249e-08	3
7.66e-08	-1.38595e-08	3
7.67e-08	2.1436e-08	3.00001
7.68e-08	-1.32384e-08	3.00001
7.69e-08	2.20437e-08	3.00001
7.7e-08	-1.26206e-08	3.00001
7.71e-08	2.26481e-08	3.00001
7.72e-08	-1.20061e-08	3.00001
7.73e-08	2.32492e-08	3.00001
7.74e-08	-1.13948e-08	3.00001
7.75e-08	2.38472e-08	3.00001
7.76e-08	-1.07867e-08	3.00001
7.77e-08	2.4442e-08	3.00001
7.78e-08	-1.01818e-08	3.00001
7.79e-08	2.50337e-08	3.00001
7.8e-08	-9.57992e-09	3.00001
7.81e-08	2.56222e-08	3.00001
7.82e-08	-8.98118e-09	3.00001
7.83e-08	2.62077e-08	3.00001
7.84e-08	-8.38552e-09	3.00001
7.85e-08	2.67901e-08	3.00001
7.86e-08	-7.79293e-09	3.00002
7.87e-08	2.73695e-08	3.00002
7.88e-08	-7.20342e-09	3.00002
7.89e-08	2.79458e-08	3.00002
7.9e-08	-6.61699e-09	3.00002
7.91e-08	2.8519e-08	3.00002
7.92e-08	-6.03364e-09	3.00002
7.93e-08	2.90891e-08	3.00002
7.94e-08	-5.45339e-09	3.00002
7.95e-08	2.96561e-08	3.00002
7.96e-08	-4.87627e-09	3.00002
7.97e-08	3.022e-08	3.00002
7.98e-08	-4.30229e-09	3.00002
7.99e-08	3.07807e-08	3.00002
8e-08	-3.73148e-09	3.00002
8.01e-08	3.13382e-08	3.00002
8.02e-08	-3.16388e-09	3.00002
8.03e-08	3.18925e-08	3.00002
8.04e-08	-2.59951e-09	3.00002
8.05e-08	3.24436e-08	3.00002
8.06e-08	-2.03841e-09	3.00003
8.07e-08	3.29914e-08	3.00003
8.08e-08	-1.48063e-09	3.00003
8.09e-08	3.35359e-08	3.00003
8.1e-08	-9.26198e-10	3.00003
8.11e-08	3.40769e-08	3.00003
8.12e-08	-3.75171e-10	3.00003
8.13e-08	3.46146e-08	3.00003
8.14e-08	1.72406e-10	3.00003
8.15e-08	3.51488e-08	3.00003
8.16e-08	7.16484e-10	3.00003
8.17e-08	3.56795e-08	3.00003
8.18e-08	1.25701e-09	3.00003
8.19e-08	3.62066e-08	3.00003
8.2e-08	1.79394e-09	3.00003
8.21e-08	3.673e-08	3.00003
8.22e-08	2.3272e-09	3.00003
8.23e-08	3.72498e-08	3.00003
8.24e-08	2.85675e-09	3.00003
8.25e-08	3.77658e-08	3.00004
8.26e-08	3.38252e-09	3.00004
8.27e-08	3.82781e-08	3.00004
8.28e-08	3.90446e-09	3.00004
8.29e-08	3.87865e-08	3.00004
8.3e-08	4.4225e-09	3.00004
8.31e-08	3.92909e-08	3.00004
8.32e-08	4.93658e-09	3.00004
8.33e-08	3.97914e-08	3.00004
8.34e-08	5.44665e-09	3.00004
8.35e-08	4.02878e-08	3.00004
8.36e-08	5.95263e-09	3.00004
8.37e-08	4.07802e-08	3.00004
8.38e-08	6.45447e-09	3.00004
8.39e-08	4.12683e-08	3.00004
8.4e-08	6.95209e-09	3.00004
8.41e-08	4.17522e-08	3.00004
8.42e-08	7.44544e-09	3.00004
8.43e-08	4.22318e-08	3.00005
8.44e-08	7.93444e-09	3.00005
8.45e-08	4.2707e-08	3.00005
8.46e-08	8.41903e-09	3.00005
8.47e-08	4.31778e-08	3.00005
8.48e-08	8.89914e-09	3.00005
8.49e-08	4.3644e-08	3.00005
8.5e-08	9.3747e-09	3.00005
8.51e-08	4.41057e-08	3.00005
8.52e-08	9.84565e-09	3.00005
8.53e-08	4.45628e-08	3.00005
8.54e-08	1.03119e-08	3.00005
8.55e-08	4.50151e-08	3.00005
8.56e-08	1.07734e-08	3.00005
8.57e-08	4.54627e-08	3.00005
8.58e-08	1.12301e-08	3.00005
8.59e-08	4.59054e-08	3.00005
8.6e-08	1.16819e-08	3.00006
8.61e-08	4.63432e-08	3.00006
8.62e-08	1.21288e-08	3.00006
8.63e-08	4.6776e-08	3.00006
8.64e-08	1.25706e-08	3.00006
8.65e-08	4.72037e-08	3.00006
8.66e-08	1.30073e-08	3.00006
8.67e-08	4.76263e-08	3.00006
8.68e-08	1.34389e-08	3.00006
8.69e-08	4.80437e-08	3.00006
8.7e-08	1.38652e-08	3.00006
8.71e-08	4.84559e-08	3.00006
8.72e-08	1.42863e-08	3.00006
8.73e-08	4.88627e-08	3.00006
8.74e-08	1.47019e-08	3.00006
8.75e-08	4.92642e-08	3.00007
8.76e-08	1.51122e-08	3.00007
8.77e-08	4.96601e-08	3.00007
8.78e-08	1.55169e-08	3.00007
8.79e-08	5.00505e-08	3.00007
8.8e-08	1.5916e-08	3.00007
8.81e-08	5.04353e-08	3.00007
8.82e-08	1.63095e-08	3.00007
8.83e-08	5.08145e-08	3.00007
8.84e-08	1.66973e-08	3.00007
8.85e-08	5.11878e-08	3.00007
8.86e-08	1.70792e-08	3.00007
8.87e-08	5.15554e-08	3.00007
8.88e-08	1.74554e-08	3.00007
8.89e-08	5.19171e-08	3.00007
8.9e-08	1.78256e-08	3.00008
8.91e-08	5.22728e-08	3.00008
8.92e-08	1.81898e-08	3.00008
8.93e-08	5.26225e-08	3.00008
8.94e-08	1.8548e-08	3.00008
8.95e-08	5.29661e-08	3.00008
8.96e-08	1.89e-08	3.00008
8.97e-08	5.33036e-08	3.00008
8.98e-08	1.92458e-08	3.00008
8.99e-08	5.36348e-08	3.00008
9e-08	1.95854e-08	3.00008
9.01e-08	5.39597e-08	3.00008
9.02e-08	1.99186e-08	3.00009
9.03e-08	5.42783e-08	3.00009
9.04e-08	2.02454e-08	3.00009
9.05e-08	5.45904e-08	3.00009
9.06e-08	2.05658e-08	3.00009
9.07e-08	5.48961e-08	3.00009
9.08e-08	2.08796e-08	3.00009
9.09e-08	5.51951e-08	3.00009
9.1e-08	2.11868e-08	3.00009
9.11e-08	5.54875e-08	3.00009
9.12e-08	2.14873e-08	3.00009
9.13e-08	5.57732e-08	3.00009
9.14e-08	2.1781e-08	3.0001
9.15e-08	5.60521e-08	3.0001
9.16e-08	2.20679e-08	3.0001
9.17e-08	5.63241e-08	3.0001
9.18e-08	2.23479e-08	3.0001
9.19e-08	5.65892e-08	3.0001
9.2e-08	2.2621e-08	3.0001
9.21e-08	5.68473e-08	3.0001
9.22e-08	2.28869e-08	3.0001
9.23e-08	5.70983e-08	3.0001
9.24e-08	2.31458e-08	3.00011
9.25e-08	5.73421e-08	3.00011
9.26e-08	2.33974e-08	3.00011
9.27e-08	5.75787e-08	3.00011
9.28e-08	2.36418e-08	3.00011
9.29e-08	5.7808e-08	3.00011
9.3e-08	2.38788e-08	3.00011
9.31e-08	5.80299e-08	3.00011
9.32e-08	2.41084e-08	3.00011
9.33e-08	5.82443e-08	3.00011
9.34e-08	2.43304e-08	3.00012
9.35e-08	5.84511e-08	3.00012
9.36e-08	2.45449e-08	3.00012
9.37e-08	5.86503e-08	3.00012
9.38e-08	2.47516e-08	3.00012
9.39e-08	5.88417e-08	3.00012
9.4e-08	2.49506e-08	3.00012
9.41e-08	5.90254e-08	3.00012
9.42e-08	2.51416e-08	3.00013
9.43e-08	5.92011e-08	3.00013
9.44e-08	2.53247e-08	3.00013
9.45e-08	5.93687e-08	3.00013
9.46e-08	2.53532e-08	3.00013
9.47e-08	5.72593e-08	3.00012
9.48e-08	1.59856e-08	3.00008
9.49e-08	3.43227e-08	2.99999
9.5e-08	-2.57916e-08	2.99985
9.51e-08	-3.04482e-08	2.99962
9.52e-08	-1.16759e-07	2.99932
9.53e-08	-1.50156e-07	2.99892
9.54e-08	-2.67155e-07	2.99842
9.55e-08	-3.32798e-07	2.99782
9.56e-08	-4.83215e-07	2.9971
9.57e-08	-5.83224e-07	2.99626
9.58e-08	-7.68688e-07	2.9953
9.59e-08	-9.04297e-07	2.9942
9.6e-08	-1.12573e-06	2.99297
9.61e-08	-1.29759e-06	2.9916
9.62e-08	-1.55543e-06	2.99009
9.63e-08	-1.76381e-06	2.98842
9.64e-08	-2.05814e-06	2.98659
9.65e-08	-2.30299e-06	2.98461
9.66e-08	-2.63366e-06	2.98245
9.67e-08	-2.9147e-06	2.98012
9.68e-08	-3.28131e-06	2.97762
9.69e-08	-3.59803e-06	2.97492
9.7e-08	-3.99997e-06	2.97204
9.71e-08	-4.35168e-06	2.96896
9.72e-08	-4.78814e-06	2.96567
9.73e-08	-5.17391e-06	2.96217
9.74e-08	-5.64386e-06	2.95844
9.75e-08	-6.06252e-06	2.95449
9.76e-08	-6.56468e-06	2.9503
9.77e-08	-7.01482e-06	2.94586
9.78e-08	-7.54761e-06	2.94117
9.79e-08	-8.02752e-06	2.93621
9.8e-08	-8.58905e-06	2.93097
9.81e-08	-9.09662e-06	2.92544
9.82e-08	-9.6846e-06	2.91962
9.83e-08	-1.02173e-05	2.91348
9.84e-08	-1.0829e-05	2.90701
9.85e-08	-1.13839e-05	2.9002
9.86e-08	-1.20159e-05	2.89303
9.87e-08	-1.25892e-05	2.88549
9.88e-08	-1.32376e-05	2.87756
9.89e-08	-1.38249e-05	2.86921
9.9e-08	-1.44847e-05	2.86044
9.91e-08	-1.50806e-05	2.8512
9.92e-08	-1.57457e-05	2.84149
9.93e-08	-1.63435e-05	2.83128
9.94e-08	-1.70066e-05	2.82053
9.95e-08	-1.7598e-05	2.80922
9.96e-08	-1.82497e-05	2.79731
9.97e-08	-1.88242e-05	2.78476
9.98e-08	-1.94529e-05	2.77154
9.99e-08	-1.99974e-05	2.7576
1e-07	-2.0588e-05	2.74289
