Time(s)
0
1e-10
2e-10
3e-10
4e-10
5e-10
6e-10
7e-10
8e-10
9e-10
1e-09
1.1e-09
1.2e-09
1.3e-09
1.4e-09
1.5e-09
1.6e-09
1.7e-09
1.8e-09
1.9e-09
2e-09
2.1e-09
2.2e-09
2.3e-09
2.4e-09
2.5e-09
2.6e-09
2.7e-09
2.8e-09
2.9e-09
3e-09
3.1e-09
3.2e-09
3.3e-09
3.4e-09
3.5e-09
3.6e-09
3.7e-09
3.8e-09
3.9e-09
4e-09
4.1e-09
4.2e-09
4.3e-09
4.4e-09
4.5e-09
4.6e-09
4.7e-09
4.8e-09
4.9e-09
5e-09
5.1e-09
5.2e-09
5.3e-09
5.4e-09
5.5e-09
5.6e-09
5.7e-09
5.8e-09
5.9e-09
6e-09
6.1e-09
6.2e-09
6.3e-09
6.4e-09
6.5e-09
6.6e-09
6.7e-09
6.8e-09
6.9e-09
7e-09
7.1e-09
7.2e-09
7.3e-09
7.4e-09
7.5e-09
7.6e-09
7.7e-09
7.8e-09
7.9e-09
8e-09
8.1e-09
8.2e-09
8.3e-09
8.4e-09
8.5e-09
8.6e-09
8.7e-09
8.8e-09
8.9e-09
9e-09
9.1e-09
9.2e-09
9.3e-09
9.4e-09
9.5e-09
9.6e-09
9.7e-09
9.8e-09
9.9e-09
1e-08
1.01e-08
1.02e-08
1.03e-08
1.04e-08
1.05e-08
1.06e-08
1.07e-08
1.08e-08
1.09e-08
1.1e-08
1.11e-08
1.12e-08
1.13e-08
1.14e-08
1.15e-08
1.16e-08
1.17e-08
1.18e-08
1.19e-08
1.2e-08
1.21e-08
1.22e-08
1.23e-08
1.24e-08
1.25e-08
1.26e-08
1.27e-08
1.28e-08
1.29e-08
1.3e-08
1.31e-08
1.32e-08
1.33e-08
1.34e-08
1.35e-08
1.36e-08
1.37e-08
1.38e-08
1.39e-08
1.4e-08
1.41e-08
1.42e-08
1.43e-08
1.44e-08
1.45e-08
1.46e-08
1.47e-08
1.48e-08
1.49e-08
1.5e-08
1.51e-08
1.52e-08
1.53e-08
1.54e-08
1.55e-08
1.56e-08
1.57e-08
1.58e-08
1.59e-08
1.6e-08
1.61e-08
1.62e-08
1.63e-08
1.64e-08
1.65e-08
1.66e-08
1.67e-08
1.68e-08
1.69e-08
1.7e-08
1.71e-08
1.72e-08
1.73e-08
1.74e-08
1.75e-08
1.76e-08
1.77e-08
1.78e-08
1.79e-08
1.8e-08
1.81e-08
1.82e-08
1.83e-08
1.84e-08
1.85e-08
1.86e-08
1.87e-08
1.88e-08
1.89e-08
1.9e-08
1.91e-08
1.92e-08
1.93e-08
1.94e-08
1.95e-08
1.96e-08
1.97e-08
1.98e-08
1.99e-08
2e-08
2.01e-08
2.02e-08
2.03e-08
2.04e-08
2.05e-08
2.06e-08
2.07e-08
2.08e-08
2.09e-08
2.1e-08
2.11e-08
2.12e-08
2.13e-08
2.14e-08
2.15e-08
2.16e-08
2.17e-08
2.18e-08
2.19e-08
2.2e-08
2.21e-08
2.22e-08
2.23e-08
2.24e-08
2.25e-08
2.26e-08
2.27e-08
2.28e-08
2.29e-08
2.3e-08
2.31e-08
2.32e-08
2.33e-08
2.34e-08
2.35e-08
2.36e-08
2.37e-08
2.38e-08
2.39e-08
2.4e-08
2.41e-08
2.42e-08
2.43e-08
2.44e-08
2.45e-08
2.46e-08
2.47e-08
2.48e-08
2.49e-08
2.5e-08
2.51e-08
2.52e-08
2.53e-08
2.54e-08
2.55e-08
2.56e-08
2.57e-08
2.58e-08
2.59e-08
2.6e-08
2.61e-08
2.62e-08
2.63e-08
2.64e-08
2.65e-08
2.66e-08
2.67e-08
2.68e-08
2.69e-08
2.7e-08
2.71e-08
2.72e-08
2.73e-08
2.74e-08
2.75e-08
2.76e-08
2.77e-08
2.78e-08
2.79e-08
2.8e-08
2.81e-08
2.82e-08
2.83e-08
2.84e-08
2.85e-08
2.86e-08
2.87e-08
2.88e-08
2.89e-08
2.9e-08
2.91e-08
2.92e-08
2.93e-08
2.94e-08
2.95e-08
2.96e-08
2.97e-08
2.98e-08
2.99e-08
3e-08
3.01e-08
3.02e-08
3.03e-08
3.04e-08
3.05e-08
3.06e-08
3.07e-08
3.08e-08
3.09e-08
3.1e-08
3.11e-08
3.12e-08
3.13e-08
3.14e-08
3.15e-08
3.16e-08
3.17e-08
3.18e-08
3.19e-08
3.2e-08
3.21e-08
3.22e-08
3.23e-08
3.24e-08
3.25e-08
3.26e-08
3.27e-08
3.28e-08
3.29e-08
3.3e-08
3.31e-08
3.32e-08
3.33e-08
3.34e-08
3.35e-08
3.36e-08
3.37e-08
3.38e-08
3.39e-08
3.4e-08
3.41e-08
3.42e-08
3.43e-08
3.44e-08
3.45e-08
3.46e-08
3.47e-08
3.48e-08
3.49e-08
3.5e-08
3.51e-08
3.52e-08
3.53e-08
3.54e-08
3.55e-08
3.56e-08
3.57e-08
3.58e-08
3.59e-08
3.6e-08
3.61e-08
3.62e-08
3.63e-08
3.64e-08
3.65e-08
3.66e-08
3.67e-08
3.68e-08
3.69e-08
3.7e-08
3.71e-08
3.72e-08
3.73e-08
3.74e-08
3.75e-08
3.76e-08
3.77e-08
3.78e-08
3.79e-08
3.8e-08
3.81e-08
3.82e-08
3.83e-08
3.84e-08
3.85e-08
3.86e-08
3.87e-08
3.88e-08
3.89e-08
3.9e-08
3.91e-08
3.92e-08
3.93e-08
3.94e-08
3.95e-08
3.96e-08
3.97e-08
3.98e-08
3.99e-08
4e-08
4.01e-08
4.02e-08
4.03e-08
4.04e-08
4.05e-08
4.06e-08
4.07e-08
4.08e-08
4.09e-08
4.1e-08
4.11e-08
4.12e-08
4.13e-08
4.14e-08
4.15e-08
4.16e-08
4.17e-08
4.18e-08
4.19e-08
4.2e-08
4.21e-08
4.22e-08
4.23e-08
4.24e-08
4.25e-08
4.26e-08
4.27e-08
4.28e-08
4.29e-08
4.3e-08
4.31e-08
4.32e-08
4.33e-08
4.34e-08
4.35e-08
4.36e-08
4.37e-08
4.38e-08
4.39e-08
4.4e-08
4.41e-08
4.42e-08
4.43e-08
4.44e-08
4.45e-08
4.46e-08
4.47e-08
4.48e-08
4.49e-08
4.5e-08
4.51e-08
4.52e-08
4.53e-08
4.54e-08
4.55e-08
4.56e-08
4.57e-08
4.58e-08
4.59e-08
4.6e-08
4.61e-08
4.62e-08
4.63e-08
4.64e-08
4.65e-08
4.66e-08
4.67e-08
4.68e-08
4.69e-08
4.7e-08
4.71e-08
4.72e-08
4.73e-08
4.74e-08
4.75e-08
4.76e-08
4.77e-08
4.78e-08
4.79e-08
4.8e-08
4.81e-08
4.82e-08
4.83e-08
4.84e-08
4.85e-08
4.86e-08
4.87e-08
4.88e-08
4.89e-08
4.9e-08
4.91e-08
4.92e-08
4.93e-08
4.94e-08
4.95e-08
4.96e-08
4.97e-08
4.98e-08
4.99e-08
5e-08
5.01e-08
5.02e-08
5.03e-08
5.04e-08
5.05e-08
5.06e-08
5.07e-08
5.08e-08
5.09e-08
5.1e-08
5.11e-08
5.12e-08
5.13e-08
5.14e-08
5.15e-08
5.16e-08
5.17e-08
5.18e-08
5.19e-08
5.2e-08
5.21e-08
5.22e-08
5.23e-08
5.24e-08
5.25e-08
5.26e-08
5.27e-08
5.28e-08
5.29e-08
5.3e-08
5.31e-08
5.32e-08
5.33e-08
5.34e-08
5.35e-08
5.36e-08
5.37e-08
5.38e-08
5.39e-08
5.4e-08
5.41e-08
5.42e-08
5.43e-08
5.44e-08
5.45e-08
5.46e-08
5.47e-08
5.48e-08
5.49e-08
5.5e-08
5.51e-08
5.52e-08
5.53e-08
5.54e-08
5.55e-08
5.56e-08
5.57e-08
5.58e-08
5.59e-08
5.6e-08
5.61e-08
5.62e-08
5.63e-08
5.64e-08
5.65e-08
5.66e-08
5.67e-08
5.68e-08
5.69e-08
5.7e-08
5.71e-08
5.72e-08
5.73e-08
5.74e-08
5.75e-08
5.76e-08
5.77e-08
5.78e-08
5.79e-08
5.8e-08
5.81e-08
5.82e-08
5.83e-08
5.84e-08
5.85e-08
5.86e-08
5.87e-08
5.88e-08
5.89e-08
5.9e-08
5.91e-08
5.92e-08
5.93e-08
5.94e-08
5.95e-08
5.96e-08
5.97e-08
5.98e-08
5.99e-08
6e-08
6.01e-08
6.02e-08
6.03e-08
6.04e-08
6.05e-08
6.06e-08
6.07e-08
6.08e-08
6.09e-08
6.1e-08
6.11e-08
6.12e-08
6.13e-08
6.14e-08
6.15e-08
6.16e-08
6.17e-08
6.18e-08
6.19e-08
6.2e-08
6.21e-08
6.22e-08
6.23e-08
6.24e-08
6.25e-08
6.26e-08
6.27e-08
6.28e-08
6.29e-08
6.3e-08
6.31e-08
6.32e-08
6.33e-08
6.34e-08
6.35e-08
6.36e-08
6.37e-08
6.38e-08
6.39e-08
6.4e-08
6.41e-08
6.42e-08
6.43e-08
6.44e-08
6.45e-08
6.46e-08
6.47e-08
6.48e-08
6.49e-08
6.5e-08
6.51e-08
6.52e-08
6.53e-08
6.54e-08
6.55e-08
6.56e-08
6.57e-08
6.58e-08
6.59e-08
6.6e-08
6.61e-08
6.62e-08
6.63e-08
6.64e-08
6.65e-08
6.66e-08
6.67e-08
6.68e-08
6.69e-08
6.7e-08
6.71e-08
6.72e-08
6.73e-08
6.74e-08
6.75e-08
6.76e-08
6.77e-08
6.78e-08
6.79e-08
6.8e-08
6.81e-08
6.82e-08
6.83e-08
6.84e-08
6.85e-08
6.86e-08
6.87e-08
6.88e-08
6.89e-08
6.9e-08
6.91e-08
6.92e-08
6.93e-08
6.94e-08
6.95e-08
6.96e-08
6.97e-08
6.98e-08
6.99e-08
7e-08
7.01e-08
7.02e-08
7.03e-08
7.04e-08
7.05e-08
7.06e-08
7.07e-08
7.08e-08
7.09e-08
7.1e-08
7.11e-08
7.12e-08
7.13e-08
7.14e-08
7.15e-08
7.16e-08
7.17e-08
7.18e-08
7.19e-08
7.2e-08
7.21e-08
7.22e-08
7.23e-08
7.24e-08
7.25e-08
7.26e-08
7.27e-08
7.28e-08
7.29e-08
7.3e-08
7.31e-08
7.32e-08
7.33e-08
7.34e-08
7.35e-08
7.36e-08
7.37e-08
7.38e-08
7.39e-08
7.4e-08
7.41e-08
7.42e-08
7.43e-08
7.44e-08
7.45e-08
7.46e-08
7.47e-08
7.48e-08
7.49e-08
7.5e-08
7.51e-08
7.52e-08
7.53e-08
7.54e-08
7.55e-08
7.56e-08
7.57e-08
7.58e-08
7.59e-08
7.6e-08
7.61e-08
7.62e-08
7.63e-08
7.64e-08
7.65e-08
7.66e-08
7.67e-08
7.68e-08
7.69e-08
7.7e-08
7.71e-08
7.72e-08
7.73e-08
7.74e-08
7.75e-08
7.76e-08
7.77e-08
7.78e-08
7.79e-08
7.8e-08
7.81e-08
7.82e-08
7.83e-08
7.84e-08
7.85e-08
7.86e-08
7.87e-08
7.88e-08
7.89e-08
7.9e-08
7.91e-08
7.92e-08
7.93e-08
7.94e-08
7.95e-08
7.96e-08
7.97e-08
7.98e-08
7.99e-08
8e-08
8.01e-08
8.02e-08
8.03e-08
8.04e-08
8.05e-08
8.06e-08
8.07e-08
8.08e-08
8.09e-08
8.1e-08
8.11e-08
8.12e-08
8.13e-08
8.14e-08
8.15e-08
8.16e-08
8.17e-08
8.18e-08
8.19e-08
8.2e-08
8.21e-08
8.22e-08
8.23e-08
8.24e-08
8.25e-08
8.26e-08
8.27e-08
8.28e-08
8.29e-08
8.3e-08
8.31e-08
8.32e-08
8.33e-08
8.34e-08
8.35e-08
8.36e-08
8.37e-08
8.38e-08
8.39e-08
8.4e-08
8.41e-08
8.42e-08
8.43e-08
8.44e-08
8.45e-08
8.46e-08
8.47e-08
8.48e-08
8.49e-08
8.5e-08
8.51e-08
8.52e-08
8.53e-08
8.54e-08
8.55e-08
8.56e-08
8.57e-08
8.58e-08
8.59e-08
8.6e-08
8.61e-08
8.62e-08
8.63e-08
8.64e-08
8.65e-08
8.66e-08
8.67e-08
8.68e-08
8.69e-08
8.7e-08
8.71e-08
8.72e-08
8.73e-08
8.74e-08
8.75e-08
8.76e-08
8.77e-08
8.78e-08
8.79e-08
8.8e-08
8.81e-08
8.82e-08
8.83e-08
8.84e-08
8.85e-08
8.86e-08
8.87e-08
8.88e-08
8.89e-08
8.9e-08
8.91e-08
8.92e-08
8.93e-08
8.94e-08
8.95e-08
8.96e-08
8.97e-08
8.98e-08
8.99e-08
9e-08
9.01e-08
9.02e-08
9.03e-08
9.04e-08
9.05e-08
9.06e-08
9.07e-08
9.08e-08
9.09e-08
9.1e-08
9.11e-08
9.12e-08
9.13e-08
9.14e-08
9.15e-08
9.16e-08
9.17e-08
9.18e-08
9.19e-08
9.2e-08
9.21e-08
9.22e-08
9.23e-08
9.24e-08
9.25e-08
9.26e-08
9.27e-08
9.28e-08
9.29e-08
9.3e-08
9.31e-08
9.32e-08
9.33e-08
9.34e-08
9.35e-08
9.36e-08
9.37e-08
9.38e-08
9.39e-08
9.4e-08
9.41e-08
9.42e-08
9.43e-08
9.44e-08
9.45e-08
9.46e-08
9.47e-08
9.48e-08
9.49e-08
9.5e-08
9.51e-08
9.52e-08
9.53e-08
9.54e-08
9.55e-08
9.56e-08
9.57e-08
9.58e-08
9.59e-08
9.6e-08
9.61e-08
9.62e-08
9.63e-08
9.64e-08
9.65e-08
9.66e-08
9.67e-08
9.68e-08
9.69e-08
9.7e-08
9.71e-08
9.72e-08
9.73e-08
9.74e-08
9.75e-08
9.76e-08
9.77e-08
9.78e-08
9.79e-08
9.8e-08
9.81e-08
9.82e-08
9.83e-08
9.84e-08
9.85e-08
9.86e-08
9.87e-08
9.88e-08
9.89e-08
9.9e-08
9.91e-08
9.92e-08
9.93e-08
9.94e-08
9.95e-08
9.96e-08
9.97e-08
9.98e-08
9.99e-08
